Orthogroup	10714_past_LongestContig_500ln_suffixed	19222_Sid_GoodCoral_500lnThresh_Final	Total
OG0000000	1	173	174
OG0000001	4	125	129
OG0000002	2	124	126
OG0000003	3	111	114
OG0000004	1	80	81
OG0000005	4	63	67
OG0000006	6	39	45
OG0000007	0	44	44
OG0000008	7	30	37
OG0000009	0	37	37
OG0000010	33	3	36
OG0000011	1	35	36
OG0000012	1	33	34
OG0000013	0	33	33
OG0000014	2	29	31
OG0000015	2	29	31
OG0000016	1	27	28
OG0000017	0	28	28
OG0000018	0	27	27
OG0000019	0	26	26
OG0000020	21	2	23
OG0000021	1	22	23
OG0000022	1	21	22
OG0000023	0	22	22
OG0000024	0	22	22
OG0000025	0	20	20
OG0000026	1	18	19
OG0000027	18	0	18
OG0000028	1	17	18
OG0000029	1	16	17
OG0000030	2	15	17
OG0000031	1	16	17
OG0000032	0	17	17
OG0000033	1	14	15
OG0000034	1	14	15
OG0000035	1	14	15
OG0000036	0	15	15
OG0000037	0	15	15
OG0000038	0	15	15
OG0000039	0	15	15
OG0000040	14	0	14
OG0000041	1	13	14
OG0000042	0	14	14
OG0000043	0	14	14
OG0000044	2	11	13
OG0000045	1	12	13
OG0000046	1	12	13
OG0000047	12	0	12
OG0000048	12	0	12
OG0000049	12	0	12
OG0000050	0	12	12
OG0000051	0	12	12
OG0000052	0	12	12
OG0000053	9	2	11
OG0000054	1	10	11
OG0000055	2	9	11
OG0000056	0	11	11
OG0000057	0	11	11
OG0000058	0	11	11
OG0000059	0	11	11
OG0000060	0	11	11
OG0000061	10	0	10
OG0000062	10	0	10
OG0000063	4	6	10
OG0000064	10	0	10
OG0000065	10	0	10
OG0000066	1	9	10
OG0000067	9	1	10
OG0000068	1	9	10
OG0000069	1	9	10
OG0000070	1	9	10
OG0000071	0	10	10
OG0000072	0	10	10
OG0000073	0	10	10
OG0000074	0	10	10
OG0000075	0	10	10
OG0000076	0	10	10
OG0000077	9	0	9
OG0000078	9	0	9
OG0000079	9	0	9
OG0000080	1	8	9
OG0000081	1	8	9
OG0000082	0	9	9
OG0000083	0	9	9
OG0000084	0	9	9
OG0000085	0	9	9
OG0000086	8	0	8
OG0000087	1	7	8
OG0000088	1	7	8
OG0000089	1	7	8
OG0000090	0	8	8
OG0000091	0	8	8
OG0000092	0	8	8
OG0000093	0	8	8
OG0000094	0	8	8
OG0000095	0	8	8
OG0000096	0	8	8
OG0000097	0	8	8
OG0000098	0	8	8
OG0000099	0	8	8
OG0000100	0	8	8
OG0000101	0	8	8
OG0000102	0	8	8
OG0000103	7	0	7
OG0000104	6	1	7
OG0000105	1	6	7
OG0000106	7	0	7
OG0000107	1	6	7
OG0000108	6	1	7
OG0000109	1	6	7
OG0000110	7	0	7
OG0000111	1	6	7
OG0000112	6	1	7
OG0000113	1	6	7
OG0000114	1	6	7
OG0000115	1	6	7
OG0000116	1	6	7
OG0000117	0	7	7
OG0000118	0	7	7
OG0000119	0	7	7
OG0000120	0	7	7
OG0000121	0	7	7
OG0000122	0	7	7
OG0000123	0	7	7
OG0000124	0	7	7
OG0000125	0	7	7
OG0000126	0	7	7
OG0000127	0	7	7
OG0000128	0	7	7
OG0000129	0	7	7
OG0000130	0	7	7
OG0000131	0	7	7
OG0000132	0	7	7
OG0000133	0	7	7
OG0000134	0	7	7
OG0000135	0	7	7
OG0000136	5	1	6
OG0000137	6	0	6
OG0000138	4	2	6
OG0000139	3	3	6
OG0000140	6	0	6
OG0000141	6	0	6
OG0000142	1	5	6
OG0000143	4	2	6
OG0000144	6	0	6
OG0000145	6	0	6
OG0000146	1	5	6
OG0000147	6	0	6
OG0000148	5	1	6
OG0000149	1	5	6
OG0000150	1	5	6
OG0000151	2	4	6
OG0000152	2	4	6
OG0000153	6	0	6
OG0000154	6	0	6
OG0000155	1	5	6
OG0000156	2	4	6
OG0000157	0	6	6
OG0000158	0	6	6
OG0000159	0	6	6
OG0000160	0	6	6
OG0000161	0	6	6
OG0000162	0	6	6
OG0000163	0	6	6
OG0000164	0	6	6
OG0000165	0	6	6
OG0000166	0	6	6
OG0000167	0	6	6
OG0000168	0	6	6
OG0000169	0	6	6
OG0000170	0	6	6
OG0000171	0	6	6
OG0000172	0	6	6
OG0000173	0	6	6
OG0000174	0	6	6
OG0000175	0	6	6
OG0000176	0	6	6
OG0000177	0	6	6
OG0000178	0	6	6
OG0000179	0	6	6
OG0000180	0	6	6
OG0000181	0	6	6
OG0000182	0	6	6
OG0000183	0	6	6
OG0000184	0	6	6
OG0000185	0	6	6
OG0000186	0	6	6
OG0000187	0	6	6
OG0000188	0	6	6
OG0000189	0	6	6
OG0000190	0	6	6
OG0000191	0	6	6
OG0000192	0	6	6
OG0000193	0	6	6
OG0000194	0	6	6
OG0000195	0	6	6
OG0000196	0	6	6
OG0000197	5	0	5
OG0000198	4	1	5
OG0000199	5	0	5
OG0000200	5	0	5
OG0000201	4	1	5
OG0000202	5	0	5
OG0000203	1	4	5
OG0000204	5	0	5
OG0000205	4	1	5
OG0000206	5	0	5
OG0000207	1	4	5
OG0000208	5	0	5
OG0000209	5	0	5
OG0000210	5	0	5
OG0000211	5	0	5
OG0000212	5	0	5
OG0000213	4	1	5
OG0000214	3	2	5
OG0000215	1	4	5
OG0000216	1	4	5
OG0000217	5	0	5
OG0000218	5	0	5
OG0000219	1	4	5
OG0000220	4	1	5
OG0000221	1	4	5
OG0000222	1	4	5
OG0000223	1	4	5
OG0000224	1	4	5
OG0000225	1	4	5
OG0000226	2	3	5
OG0000227	0	5	5
OG0000228	0	5	5
OG0000229	0	5	5
OG0000230	0	5	5
OG0000231	0	5	5
OG0000232	0	5	5
OG0000233	0	5	5
OG0000234	0	5	5
OG0000235	0	5	5
OG0000236	0	5	5
OG0000237	0	5	5
OG0000238	0	5	5
OG0000239	0	5	5
OG0000240	0	5	5
OG0000241	0	5	5
OG0000242	0	5	5
OG0000243	0	5	5
OG0000244	0	5	5
OG0000245	0	5	5
OG0000246	0	5	5
OG0000247	0	5	5
OG0000248	0	5	5
OG0000249	0	5	5
OG0000250	0	5	5
OG0000251	0	5	5
OG0000252	0	5	5
OG0000253	0	5	5
OG0000254	0	5	5
OG0000255	0	5	5
OG0000256	0	5	5
OG0000257	0	5	5
OG0000258	0	5	5
OG0000259	0	5	5
OG0000260	0	5	5
OG0000261	0	5	5
OG0000262	0	5	5
OG0000263	0	5	5
OG0000264	0	5	5
OG0000265	0	5	5
OG0000266	0	5	5
OG0000267	0	5	5
OG0000268	0	5	5
OG0000269	0	5	5
OG0000270	0	5	5
OG0000271	0	5	5
OG0000272	0	5	5
OG0000273	0	5	5
OG0000274	0	5	5
OG0000275	0	5	5
OG0000276	0	5	5
OG0000277	0	5	5
OG0000278	0	5	5
OG0000279	0	5	5
OG0000280	0	5	5
OG0000281	0	5	5
OG0000282	0	5	5
OG0000283	0	5	5
OG0000284	2	2	4
OG0000285	4	0	4
OG0000286	3	1	4
OG0000287	3	1	4
OG0000288	3	1	4
OG0000289	1	3	4
OG0000290	1	3	4
OG0000291	4	0	4
OG0000292	2	2	4
OG0000293	4	0	4
OG0000294	2	2	4
OG0000295	4	0	4
OG0000296	4	0	4
OG0000297	4	0	4
OG0000298	2	2	4
OG0000299	3	1	4
OG0000300	4	0	4
OG0000301	4	0	4
OG0000302	4	0	4
OG0000303	4	0	4
OG0000304	4	0	4
OG0000305	4	0	4
OG0000306	3	1	4
OG0000307	4	0	4
OG0000308	2	2	4
OG0000309	4	0	4
OG0000310	1	3	4
OG0000311	2	2	4
OG0000312	1	3	4
OG0000313	4	0	4
OG0000314	2	2	4
OG0000315	2	2	4
OG0000316	4	0	4
OG0000317	4	0	4
OG0000318	4	0	4
OG0000319	4	0	4
OG0000320	4	0	4
OG0000321	3	1	4
OG0000322	2	2	4
OG0000323	1	3	4
OG0000324	2	2	4
OG0000325	2	2	4
OG0000326	4	0	4
OG0000327	3	1	4
OG0000328	3	1	4
OG0000329	4	0	4
OG0000330	4	0	4
OG0000331	3	1	4
OG0000332	2	2	4
OG0000333	1	3	4
OG0000334	3	1	4
OG0000335	1	3	4
OG0000336	1	3	4
OG0000337	1	3	4
OG0000338	1	3	4
OG0000339	1	3	4
OG0000340	4	0	4
OG0000341	1	3	4
OG0000342	1	3	4
OG0000343	1	3	4
OG0000344	1	3	4
OG0000345	1	3	4
OG0000346	1	3	4
OG0000347	1	3	4
OG0000348	1	3	4
OG0000349	2	2	4
OG0000350	1	3	4
OG0000351	2	2	4
OG0000352	1	3	4
OG0000353	2	2	4
OG0000354	1	3	4
OG0000355	1	3	4
OG0000356	3	1	4
OG0000357	1	3	4
OG0000358	1	3	4
OG0000359	1	3	4
OG0000360	1	3	4
OG0000361	1	3	4
OG0000362	1	3	4
OG0000363	1	3	4
OG0000364	1	3	4
OG0000365	1	3	4
OG0000366	1	3	4
OG0000367	1	3	4
OG0000368	1	3	4
OG0000369	2	2	4
OG0000370	1	3	4
OG0000371	1	3	4
OG0000372	1	3	4
OG0000373	1	3	4
OG0000374	0	4	4
OG0000375	0	4	4
OG0000376	0	4	4
OG0000377	0	4	4
OG0000378	0	4	4
OG0000379	0	4	4
OG0000380	0	4	4
OG0000381	0	4	4
OG0000382	0	4	4
OG0000383	0	4	4
OG0000384	0	4	4
OG0000385	0	4	4
OG0000386	0	4	4
OG0000387	0	4	4
OG0000388	0	4	4
OG0000389	0	4	4
OG0000390	0	4	4
OG0000391	0	4	4
OG0000392	0	4	4
OG0000393	0	4	4
OG0000394	0	4	4
OG0000395	0	4	4
OG0000396	0	4	4
OG0000397	0	4	4
OG0000398	0	4	4
OG0000399	0	4	4
OG0000400	0	4	4
OG0000401	0	4	4
OG0000402	0	4	4
OG0000403	0	4	4
OG0000404	0	4	4
OG0000405	0	4	4
OG0000406	0	4	4
OG0000407	0	4	4
OG0000408	0	4	4
OG0000409	0	4	4
OG0000410	0	4	4
OG0000411	0	4	4
OG0000412	0	4	4
OG0000413	0	4	4
OG0000414	0	4	4
OG0000415	0	4	4
OG0000416	0	4	4
OG0000417	0	4	4
OG0000418	0	4	4
OG0000419	0	4	4
OG0000420	0	4	4
OG0000421	0	4	4
OG0000422	0	4	4
OG0000423	0	4	4
OG0000424	0	4	4
OG0000425	0	4	4
OG0000426	0	4	4
OG0000427	0	4	4
OG0000428	0	4	4
OG0000429	0	4	4
OG0000430	0	4	4
OG0000431	0	4	4
OG0000432	0	4	4
OG0000433	0	4	4
OG0000434	0	4	4
OG0000435	0	4	4
OG0000436	0	4	4
OG0000437	0	4	4
OG0000438	0	4	4
OG0000439	0	4	4
OG0000440	0	4	4
OG0000441	0	4	4
OG0000442	0	4	4
OG0000443	0	4	4
OG0000444	0	4	4
OG0000445	0	4	4
OG0000446	0	4	4
OG0000447	0	4	4
OG0000448	0	4	4
OG0000449	0	4	4
OG0000450	0	4	4
OG0000451	0	4	4
OG0000452	0	4	4
OG0000453	0	4	4
OG0000454	0	4	4
OG0000455	0	4	4
OG0000456	0	4	4
OG0000457	0	4	4
OG0000458	0	4	4
OG0000459	0	4	4
OG0000460	0	4	4
OG0000461	0	4	4
OG0000462	0	4	4
OG0000463	0	4	4
OG0000464	0	4	4
OG0000465	0	4	4
OG0000466	0	4	4
OG0000467	0	4	4
OG0000468	0	4	4
OG0000469	0	4	4
OG0000470	0	4	4
OG0000471	0	4	4
OG0000472	0	4	4
OG0000473	0	4	4
OG0000474	0	4	4
OG0000475	0	4	4
OG0000476	0	4	4
OG0000477	0	4	4
OG0000478	0	4	4
OG0000479	0	4	4
OG0000480	0	4	4
OG0000481	0	4	4
OG0000482	0	4	4
OG0000483	0	4	4
OG0000484	0	4	4
OG0000485	0	4	4
OG0000486	0	4	4
OG0000487	0	4	4
OG0000488	0	4	4
OG0000489	1	2	3
OG0000490	1	2	3
OG0000491	3	0	3
OG0000492	3	0	3
OG0000493	2	1	3
OG0000494	3	0	3
OG0000495	1	2	3
OG0000496	2	1	3
OG0000497	2	1	3
OG0000498	3	0	3
OG0000499	3	0	3
OG0000500	2	1	3
OG0000501	1	2	3
OG0000502	2	1	3
OG0000503	1	2	3
OG0000504	3	0	3
OG0000505	2	1	3
OG0000506	2	1	3
OG0000507	2	1	3
OG0000508	2	1	3
OG0000509	3	0	3
OG0000510	1	2	3
OG0000511	2	1	3
OG0000512	2	1	3
OG0000513	3	0	3
OG0000514	2	1	3
OG0000515	3	0	3
OG0000516	2	1	3
OG0000517	3	0	3
OG0000518	2	1	3
OG0000519	1	2	3
OG0000520	1	2	3
OG0000521	2	1	3
OG0000522	1	2	3
OG0000523	1	2	3
OG0000524	3	0	3
OG0000525	1	2	3
OG0000526	1	2	3
OG0000527	3	0	3
OG0000528	1	2	3
OG0000529	1	2	3
OG0000530	1	2	3
OG0000531	2	1	3
OG0000532	2	1	3
OG0000533	1	2	3
OG0000534	2	1	3
OG0000535	3	0	3
OG0000536	3	0	3
OG0000537	1	2	3
OG0000538	3	0	3
OG0000539	2	1	3
OG0000540	3	0	3
OG0000541	2	1	3
OG0000542	2	1	3
OG0000543	3	0	3
OG0000544	3	0	3
OG0000545	3	0	3
OG0000546	3	0	3
OG0000547	2	1	3
OG0000548	2	1	3
OG0000549	3	0	3
OG0000550	3	0	3
OG0000551	3	0	3
OG0000552	1	2	3
OG0000553	3	0	3
OG0000554	1	2	3
OG0000555	2	1	3
OG0000556	1	2	3
OG0000557	3	0	3
OG0000558	3	0	3
OG0000559	1	2	3
OG0000560	2	1	3
OG0000561	1	2	3
OG0000562	1	2	3
OG0000563	1	2	3
OG0000564	2	1	3
OG0000565	3	0	3
OG0000566	2	1	3
OG0000567	3	0	3
OG0000568	2	1	3
OG0000569	2	1	3
OG0000570	2	1	3
OG0000571	3	0	3
OG0000572	1	2	3
OG0000573	3	0	3
OG0000574	3	0	3
OG0000575	3	0	3
OG0000576	3	0	3
OG0000577	1	2	3
OG0000578	1	2	3
OG0000579	3	0	3
OG0000580	1	2	3
OG0000581	1	2	3
OG0000582	1	2	3
OG0000583	2	1	3
OG0000584	3	0	3
OG0000585	1	2	3
OG0000586	3	0	3
OG0000587	3	0	3
OG0000588	1	2	3
OG0000589	1	2	3
OG0000590	1	2	3
OG0000591	1	2	3
OG0000592	1	2	3
OG0000593	2	1	3
OG0000594	2	1	3
OG0000595	3	0	3
OG0000596	1	2	3
OG0000597	1	2	3
OG0000598	2	1	3
OG0000599	1	2	3
OG0000600	1	2	3
OG0000601	2	1	3
OG0000602	2	1	3
OG0000603	2	1	3
OG0000604	2	1	3
OG0000605	1	2	3
OG0000606	2	1	3
OG0000607	1	2	3
OG0000608	1	2	3
OG0000609	2	1	3
OG0000610	3	0	3
OG0000611	2	1	3
OG0000612	2	1	3
OG0000613	1	2	3
OG0000614	1	2	3
OG0000615	1	2	3
OG0000616	2	1	3
OG0000617	3	0	3
OG0000618	3	0	3
OG0000619	1	2	3
OG0000620	1	2	3
OG0000621	1	2	3
OG0000622	2	1	3
OG0000623	1	2	3
OG0000624	1	2	3
OG0000625	2	1	3
OG0000626	3	0	3
OG0000627	2	1	3
OG0000628	1	2	3
OG0000629	1	2	3
OG0000630	2	1	3
OG0000631	1	2	3
OG0000632	2	1	3
OG0000633	2	1	3
OG0000634	3	0	3
OG0000635	3	0	3
OG0000636	1	2	3
OG0000637	3	0	3
OG0000638	2	1	3
OG0000639	1	2	3
OG0000640	2	1	3
OG0000641	1	2	3
OG0000642	3	0	3
OG0000643	3	0	3
OG0000644	1	2	3
OG0000645	1	2	3
OG0000646	1	2	3
OG0000647	3	0	3
OG0000648	1	2	3
OG0000649	1	2	3
OG0000650	1	2	3
OG0000651	1	2	3
OG0000652	2	1	3
OG0000653	1	2	3
OG0000654	1	2	3
OG0000655	1	2	3
OG0000656	2	1	3
OG0000657	2	1	3
OG0000658	2	1	3
OG0000659	1	2	3
OG0000660	1	2	3
OG0000661	1	2	3
OG0000662	1	2	3
OG0000663	1	2	3
OG0000664	2	1	3
OG0000665	1	2	3
OG0000666	2	1	3
OG0000667	1	2	3
OG0000668	2	1	3
OG0000669	1	2	3
OG0000670	1	2	3
OG0000671	3	0	3
OG0000672	2	1	3
OG0000673	2	1	3
OG0000674	1	2	3
OG0000675	1	2	3
OG0000676	1	2	3
OG0000677	2	1	3
OG0000678	2	1	3
OG0000679	1	2	3
OG0000680	1	2	3
OG0000681	1	2	3
OG0000682	2	1	3
OG0000683	1	2	3
OG0000684	1	2	3
OG0000685	2	1	3
OG0000686	1	2	3
OG0000687	1	2	3
OG0000688	1	2	3
OG0000689	1	2	3
OG0000690	1	2	3
OG0000691	1	2	3
OG0000692	1	2	3
OG0000693	1	2	3
OG0000694	2	1	3
OG0000695	1	2	3
OG0000696	1	2	3
OG0000697	1	2	3
OG0000698	1	2	3
OG0000699	1	2	3
OG0000700	2	1	3
OG0000701	2	1	3
OG0000702	1	2	3
OG0000703	1	2	3
OG0000704	1	2	3
OG0000705	1	2	3
OG0000706	1	2	3
OG0000707	1	2	3
OG0000708	1	2	3
OG0000709	1	2	3
OG0000710	1	2	3
OG0000711	2	1	3
OG0000712	1	2	3
OG0000713	2	1	3
OG0000714	1	2	3
OG0000715	1	2	3
OG0000716	1	2	3
OG0000717	1	2	3
OG0000718	1	2	3
OG0000719	1	2	3
OG0000720	1	2	3
OG0000721	1	2	3
OG0000722	1	2	3
OG0000723	1	2	3
OG0000724	1	2	3
OG0000725	1	2	3
OG0000726	1	2	3
OG0000727	1	2	3
OG0000728	1	2	3
OG0000729	0	3	3
OG0000730	0	3	3
OG0000731	0	3	3
OG0000732	0	3	3
OG0000733	0	3	3
OG0000734	0	3	3
OG0000735	0	3	3
OG0000736	0	3	3
OG0000737	0	3	3
OG0000738	0	3	3
OG0000739	0	3	3
OG0000740	0	3	3
OG0000741	0	3	3
OG0000742	0	3	3
OG0000743	0	3	3
OG0000744	0	3	3
OG0000745	0	3	3
OG0000746	0	3	3
OG0000747	0	3	3
OG0000748	0	3	3
OG0000749	0	3	3
OG0000750	0	3	3
OG0000751	0	3	3
OG0000752	0	3	3
OG0000753	0	3	3
OG0000754	0	3	3
OG0000755	0	3	3
OG0000756	0	3	3
OG0000757	0	3	3
OG0000758	0	3	3
OG0000759	0	3	3
OG0000760	0	3	3
OG0000761	0	3	3
OG0000762	0	3	3
OG0000763	0	3	3
OG0000764	0	3	3
OG0000765	0	3	3
OG0000766	0	3	3
OG0000767	0	3	3
OG0000768	0	3	3
OG0000769	0	3	3
OG0000770	0	3	3
OG0000771	0	3	3
OG0000772	0	3	3
OG0000773	0	3	3
OG0000774	0	3	3
OG0000775	0	3	3
OG0000776	0	3	3
OG0000777	0	3	3
OG0000778	0	3	3
OG0000779	0	3	3
OG0000780	0	3	3
OG0000781	0	3	3
OG0000782	0	3	3
OG0000783	0	3	3
OG0000784	0	3	3
OG0000785	0	3	3
OG0000786	0	3	3
OG0000787	0	3	3
OG0000788	0	3	3
OG0000789	0	3	3
OG0000790	0	3	3
OG0000791	0	3	3
OG0000792	0	3	3
OG0000793	0	3	3
OG0000794	0	3	3
OG0000795	0	3	3
OG0000796	0	3	3
OG0000797	0	3	3
OG0000798	0	3	3
OG0000799	0	3	3
OG0000800	0	3	3
OG0000801	0	3	3
OG0000802	0	3	3
OG0000803	0	3	3
OG0000804	0	3	3
OG0000805	0	3	3
OG0000806	0	3	3
OG0000807	0	3	3
OG0000808	0	3	3
OG0000809	0	3	3
OG0000810	0	3	3
OG0000811	0	3	3
OG0000812	0	3	3
OG0000813	0	3	3
OG0000814	0	3	3
OG0000815	0	3	3
OG0000816	0	3	3
OG0000817	0	3	3
OG0000818	0	3	3
OG0000819	0	3	3
OG0000820	0	3	3
OG0000821	0	3	3
OG0000822	0	3	3
OG0000823	0	3	3
OG0000824	0	3	3
OG0000825	0	3	3
OG0000826	0	3	3
OG0000827	0	3	3
OG0000828	0	3	3
OG0000829	0	3	3
OG0000830	0	3	3
OG0000831	0	3	3
OG0000832	0	3	3
OG0000833	0	3	3
OG0000834	0	3	3
OG0000835	0	3	3
OG0000836	0	3	3
OG0000837	0	3	3
OG0000838	0	3	3
OG0000839	0	3	3
OG0000840	0	3	3
OG0000841	0	3	3
OG0000842	0	3	3
OG0000843	0	3	3
OG0000844	0	3	3
OG0000845	0	3	3
OG0000846	0	3	3
OG0000847	0	3	3
OG0000848	0	3	3
OG0000849	0	3	3
OG0000850	0	3	3
OG0000851	0	3	3
OG0000852	0	3	3
OG0000853	0	3	3
OG0000854	0	3	3
OG0000855	0	3	3
OG0000856	0	3	3
OG0000857	0	3	3
OG0000858	0	3	3
OG0000859	0	3	3
OG0000860	0	3	3
OG0000861	0	3	3
OG0000862	0	3	3
OG0000863	0	3	3
OG0000864	0	3	3
OG0000865	0	3	3
OG0000866	0	3	3
OG0000867	0	3	3
OG0000868	0	3	3
OG0000869	0	3	3
OG0000870	0	3	3
OG0000871	0	3	3
OG0000872	0	3	3
OG0000873	0	3	3
OG0000874	0	3	3
OG0000875	0	3	3
OG0000876	0	3	3
OG0000877	0	3	3
OG0000878	0	3	3
OG0000879	0	3	3
OG0000880	0	3	3
OG0000881	0	3	3
OG0000882	0	3	3
OG0000883	0	3	3
OG0000884	0	3	3
OG0000885	0	3	3
OG0000886	0	3	3
OG0000887	0	3	3
OG0000888	0	3	3
OG0000889	0	3	3
OG0000890	0	3	3
OG0000891	0	3	3
OG0000892	0	3	3
OG0000893	0	3	3
OG0000894	0	3	3
OG0000895	0	3	3
OG0000896	0	3	3
OG0000897	0	3	3
OG0000898	0	3	3
OG0000899	0	3	3
OG0000900	0	3	3
OG0000901	0	3	3
OG0000902	0	3	3
OG0000903	0	3	3
OG0000904	0	3	3
OG0000905	0	3	3
OG0000906	0	3	3
OG0000907	0	3	3
OG0000908	0	3	3
OG0000909	0	3	3
OG0000910	0	3	3
OG0000911	0	3	3
OG0000912	0	3	3
OG0000913	0	3	3
OG0000914	0	3	3
OG0000915	0	3	3
OG0000916	0	3	3
OG0000917	0	3	3
OG0000918	0	3	3
OG0000919	0	3	3
OG0000920	0	3	3
OG0000921	0	3	3
OG0000922	0	3	3
OG0000923	0	3	3
OG0000924	0	3	3
OG0000925	0	3	3
OG0000926	0	3	3
OG0000927	0	3	3
OG0000928	0	3	3
OG0000929	0	3	3
OG0000930	0	3	3
OG0000931	0	3	3
OG0000932	0	3	3
OG0000933	0	3	3
OG0000934	0	3	3
OG0000935	0	3	3
OG0000936	0	3	3
OG0000937	0	3	3
OG0000938	0	3	3
OG0000939	0	3	3
OG0000940	0	3	3
OG0000941	0	3	3
OG0000942	0	3	3
OG0000943	0	3	3
OG0000944	0	3	3
OG0000945	0	3	3
OG0000946	0	3	3
OG0000947	0	3	3
OG0000948	0	3	3
OG0000949	2	0	2
OG0000950	1	1	2
OG0000951	2	0	2
OG0000952	2	0	2
OG0000953	1	1	2
OG0000954	1	1	2
OG0000955	1	1	2
OG0000956	1	1	2
OG0000957	1	1	2
OG0000958	1	1	2
OG0000959	1	1	2
OG0000960	2	0	2
OG0000961	1	1	2
OG0000962	2	0	2
OG0000963	2	0	2
OG0000964	1	1	2
OG0000965	1	1	2
OG0000966	2	0	2
OG0000967	1	1	2
OG0000968	1	1	2
OG0000969	1	1	2
OG0000970	2	0	2
OG0000971	1	1	2
OG0000972	1	1	2
OG0000973	2	0	2
OG0000974	1	1	2
OG0000975	2	0	2
OG0000976	1	1	2
OG0000977	1	1	2
OG0000978	2	0	2
OG0000979	2	0	2
OG0000980	1	1	2
OG0000981	1	1	2
OG0000982	1	1	2
OG0000983	2	0	2
OG0000984	2	0	2
OG0000985	1	1	2
OG0000986	2	0	2
OG0000987	1	1	2
OG0000988	1	1	2
OG0000989	2	0	2
OG0000990	2	0	2
OG0000991	2	0	2
OG0000992	1	1	2
OG0000993	1	1	2
OG0000994	1	1	2
OG0000995	1	1	2
OG0000996	2	0	2
OG0000997	2	0	2
OG0000998	1	1	2
OG0000999	2	0	2
OG0001000	1	1	2
OG0001001	1	1	2
OG0001002	1	1	2
OG0001003	2	0	2
OG0001004	2	0	2
OG0001005	2	0	2
OG0001006	1	1	2
OG0001007	2	0	2
OG0001008	1	1	2
OG0001009	1	1	2
OG0001010	1	1	2
OG0001011	1	1	2
OG0001012	1	1	2
OG0001013	1	1	2
OG0001014	2	0	2
OG0001015	2	0	2
OG0001016	2	0	2
OG0001017	1	1	2
OG0001018	1	1	2
OG0001019	2	0	2
OG0001020	1	1	2
OG0001021	1	1	2
OG0001022	2	0	2
OG0001023	2	0	2
OG0001024	1	1	2
OG0001025	2	0	2
OG0001026	1	1	2
OG0001027	1	1	2
OG0001028	1	1	2
OG0001029	2	0	2
OG0001030	1	1	2
OG0001031	1	1	2
OG0001032	2	0	2
OG0001033	2	0	2
OG0001034	2	0	2
OG0001035	1	1	2
OG0001036	2	0	2
OG0001037	2	0	2
OG0001038	1	1	2
OG0001039	1	1	2
OG0001040	2	0	2
OG0001041	2	0	2
OG0001042	1	1	2
OG0001043	1	1	2
OG0001044	2	0	2
OG0001045	1	1	2
OG0001046	2	0	2
OG0001047	1	1	2
OG0001048	1	1	2
OG0001049	2	0	2
OG0001050	2	0	2
OG0001051	1	1	2
OG0001052	1	1	2
OG0001053	1	1	2
OG0001054	2	0	2
OG0001055	1	1	2
OG0001056	1	1	2
OG0001057	1	1	2
OG0001058	1	1	2
OG0001059	1	1	2
OG0001060	2	0	2
OG0001061	1	1	2
OG0001062	1	1	2
OG0001063	2	0	2
OG0001064	1	1	2
OG0001065	2	0	2
OG0001066	2	0	2
OG0001067	1	1	2
OG0001068	2	0	2
OG0001069	1	1	2
OG0001070	1	1	2
OG0001071	2	0	2
OG0001072	2	0	2
OG0001073	1	1	2
OG0001074	2	0	2
OG0001075	2	0	2
OG0001076	1	1	2
OG0001077	1	1	2
OG0001078	1	1	2
OG0001079	1	1	2
OG0001080	1	1	2
OG0001081	1	1	2
OG0001082	2	0	2
OG0001083	1	1	2
OG0001084	2	0	2
OG0001085	1	1	2
OG0001086	2	0	2
OG0001087	2	0	2
OG0001088	1	1	2
OG0001089	2	0	2
OG0001090	1	1	2
OG0001091	1	1	2
OG0001092	1	1	2
OG0001093	1	1	2
OG0001094	1	1	2
OG0001095	1	1	2
OG0001096	2	0	2
OG0001097	2	0	2
OG0001098	1	1	2
OG0001099	2	0	2
OG0001100	2	0	2
OG0001101	1	1	2
OG0001102	1	1	2
OG0001103	1	1	2
OG0001104	2	0	2
OG0001105	1	1	2
OG0001106	1	1	2
OG0001107	1	1	2
OG0001108	1	1	2
OG0001109	2	0	2
OG0001110	1	1	2
OG0001111	2	0	2
OG0001112	1	1	2
OG0001113	2	0	2
OG0001114	2	0	2
OG0001115	1	1	2
OG0001116	1	1	2
OG0001117	2	0	2
OG0001118	2	0	2
OG0001119	1	1	2
OG0001120	1	1	2
OG0001121	1	1	2
OG0001122	1	1	2
OG0001123	1	1	2
OG0001124	1	1	2
OG0001125	1	1	2
OG0001126	2	0	2
OG0001127	1	1	2
OG0001128	1	1	2
OG0001129	2	0	2
OG0001130	2	0	2
OG0001131	1	1	2
OG0001132	1	1	2
OG0001133	2	0	2
OG0001134	1	1	2
OG0001135	2	0	2
OG0001136	1	1	2
OG0001137	1	1	2
OG0001138	2	0	2
OG0001139	1	1	2
OG0001140	1	1	2
OG0001141	1	1	2
OG0001142	2	0	2
OG0001143	1	1	2
OG0001144	1	1	2
OG0001145	1	1	2
OG0001146	1	1	2
OG0001147	1	1	2
OG0001148	1	1	2
OG0001149	2	0	2
OG0001150	1	1	2
OG0001151	1	1	2
OG0001152	1	1	2
OG0001153	1	1	2
OG0001154	1	1	2
OG0001155	2	0	2
OG0001156	1	1	2
OG0001157	2	0	2
OG0001158	1	1	2
OG0001159	2	0	2
OG0001160	1	1	2
OG0001161	1	1	2
OG0001162	1	1	2
OG0001163	2	0	2
OG0001164	2	0	2
OG0001165	1	1	2
OG0001166	2	0	2
OG0001167	1	1	2
OG0001168	1	1	2
OG0001169	1	1	2
OG0001170	1	1	2
OG0001171	1	1	2
OG0001172	2	0	2
OG0001173	2	0	2
OG0001174	1	1	2
OG0001175	1	1	2
OG0001176	1	1	2
OG0001177	1	1	2
OG0001178	2	0	2
OG0001179	1	1	2
OG0001180	1	1	2
OG0001181	2	0	2
OG0001182	1	1	2
OG0001183	1	1	2
OG0001184	2	0	2
OG0001185	1	1	2
OG0001186	1	1	2
OG0001187	2	0	2
OG0001188	2	0	2
OG0001189	1	1	2
OG0001190	1	1	2
OG0001191	1	1	2
OG0001192	1	1	2
OG0001193	2	0	2
OG0001194	2	0	2
OG0001195	1	1	2
OG0001196	1	1	2
OG0001197	2	0	2
OG0001198	1	1	2
OG0001199	1	1	2
OG0001200	1	1	2
OG0001201	1	1	2
OG0001202	2	0	2
OG0001203	1	1	2
OG0001204	1	1	2
OG0001205	1	1	2
OG0001206	1	1	2
OG0001207	1	1	2
OG0001208	1	1	2
OG0001209	1	1	2
OG0001210	1	1	2
OG0001211	1	1	2
OG0001212	1	1	2
OG0001213	2	0	2
OG0001214	2	0	2
OG0001215	1	1	2
OG0001216	2	0	2
OG0001217	1	1	2
OG0001218	1	1	2
OG0001219	1	1	2
OG0001220	1	1	2
OG0001221	2	0	2
OG0001222	2	0	2
OG0001223	1	1	2
OG0001224	1	1	2
OG0001225	1	1	2
OG0001226	1	1	2
OG0001227	2	0	2
OG0001228	1	1	2
OG0001229	1	1	2
OG0001230	1	1	2
OG0001231	1	1	2
OG0001232	1	1	2
OG0001233	2	0	2
OG0001234	2	0	2
OG0001235	2	0	2
OG0001236	1	1	2
OG0001237	1	1	2
OG0001238	1	1	2
OG0001239	1	1	2
OG0001240	1	1	2
OG0001241	1	1	2
OG0001242	2	0	2
OG0001243	1	1	2
OG0001244	1	1	2
OG0001245	2	0	2
OG0001246	1	1	2
OG0001247	1	1	2
OG0001248	2	0	2
OG0001249	1	1	2
OG0001250	1	1	2
OG0001251	2	0	2
OG0001252	2	0	2
OG0001253	1	1	2
OG0001254	1	1	2
OG0001255	2	0	2
OG0001256	1	1	2
OG0001257	1	1	2
OG0001258	1	1	2
OG0001259	1	1	2
OG0001260	2	0	2
OG0001261	1	1	2
OG0001262	1	1	2
OG0001263	2	0	2
OG0001264	1	1	2
OG0001265	1	1	2
OG0001266	1	1	2
OG0001267	1	1	2
OG0001268	1	1	2
OG0001269	2	0	2
OG0001270	1	1	2
OG0001271	2	0	2
OG0001272	1	1	2
OG0001273	1	1	2
OG0001274	1	1	2
OG0001275	2	0	2
OG0001276	2	0	2
OG0001277	1	1	2
OG0001278	2	0	2
OG0001279	1	1	2
OG0001280	2	0	2
OG0001281	1	1	2
OG0001282	1	1	2
OG0001283	2	0	2
OG0001284	2	0	2
OG0001285	2	0	2
OG0001286	1	1	2
OG0001287	1	1	2
OG0001288	1	1	2
OG0001289	1	1	2
OG0001290	1	1	2
OG0001291	1	1	2
OG0001292	2	0	2
OG0001293	1	1	2
OG0001294	1	1	2
OG0001295	1	1	2
OG0001296	1	1	2
OG0001297	2	0	2
OG0001298	2	0	2
OG0001299	1	1	2
OG0001300	1	1	2
OG0001301	1	1	2
OG0001302	1	1	2
OG0001303	2	0	2
OG0001304	1	1	2
OG0001305	2	0	2
OG0001306	2	0	2
OG0001307	2	0	2
OG0001308	1	1	2
OG0001309	1	1	2
OG0001310	1	1	2
OG0001311	1	1	2
OG0001312	1	1	2
OG0001313	2	0	2
OG0001314	2	0	2
OG0001315	1	1	2
OG0001316	1	1	2
OG0001317	1	1	2
OG0001318	2	0	2
OG0001319	1	1	2
OG0001320	1	1	2
OG0001321	2	0	2
OG0001322	2	0	2
OG0001323	1	1	2
OG0001324	1	1	2
OG0001325	1	1	2
OG0001326	1	1	2
OG0001327	1	1	2
OG0001328	1	1	2
OG0001329	2	0	2
OG0001330	1	1	2
OG0001331	1	1	2
OG0001332	1	1	2
OG0001333	2	0	2
OG0001334	1	1	2
OG0001335	1	1	2
OG0001336	2	0	2
OG0001337	2	0	2
OG0001338	1	1	2
OG0001339	2	0	2
OG0001340	1	1	2
OG0001341	1	1	2
OG0001342	1	1	2
OG0001343	1	1	2
OG0001344	1	1	2
OG0001345	2	0	2
OG0001346	2	0	2
OG0001347	2	0	2
OG0001348	2	0	2
OG0001349	1	1	2
OG0001350	1	1	2
OG0001351	1	1	2
OG0001352	1	1	2
OG0001353	1	1	2
OG0001354	1	1	2
OG0001355	1	1	2
OG0001356	1	1	2
OG0001357	2	0	2
OG0001358	1	1	2
OG0001359	2	0	2
OG0001360	1	1	2
OG0001361	2	0	2
OG0001362	1	1	2
OG0001363	1	1	2
OG0001364	1	1	2
OG0001365	2	0	2
OG0001366	1	1	2
OG0001367	1	1	2
OG0001368	1	1	2
OG0001369	1	1	2
OG0001370	1	1	2
OG0001371	2	0	2
OG0001372	1	1	2
OG0001373	1	1	2
OG0001374	2	0	2
OG0001375	2	0	2
OG0001376	1	1	2
OG0001377	2	0	2
OG0001378	1	1	2
OG0001379	2	0	2
OG0001380	1	1	2
OG0001381	2	0	2
OG0001382	1	1	2
OG0001383	2	0	2
OG0001384	2	0	2
OG0001385	1	1	2
OG0001386	1	1	2
OG0001387	1	1	2
OG0001388	1	1	2
OG0001389	1	1	2
OG0001390	1	1	2
OG0001391	1	1	2
OG0001392	2	0	2
OG0001393	1	1	2
OG0001394	1	1	2
OG0001395	1	1	2
OG0001396	1	1	2
OG0001397	1	1	2
OG0001398	1	1	2
OG0001399	1	1	2
OG0001400	1	1	2
OG0001401	2	0	2
OG0001402	1	1	2
OG0001403	2	0	2
OG0001404	1	1	2
OG0001405	1	1	2
OG0001406	1	1	2
OG0001407	2	0	2
OG0001408	2	0	2
OG0001409	2	0	2
OG0001410	1	1	2
OG0001411	1	1	2
OG0001412	1	1	2
OG0001413	2	0	2
OG0001414	1	1	2
OG0001415	2	0	2
OG0001416	1	1	2
OG0001417	1	1	2
OG0001418	1	1	2
OG0001419	1	1	2
OG0001420	2	0	2
OG0001421	2	0	2
OG0001422	1	1	2
OG0001423	1	1	2
OG0001424	1	1	2
OG0001425	1	1	2
OG0001426	1	1	2
OG0001427	1	1	2
OG0001428	1	1	2
OG0001429	2	0	2
OG0001430	1	1	2
OG0001431	1	1	2
OG0001432	1	1	2
OG0001433	1	1	2
OG0001434	1	1	2
OG0001435	2	0	2
OG0001436	2	0	2
OG0001437	2	0	2
OG0001438	2	0	2
OG0001439	1	1	2
OG0001440	1	1	2
OG0001441	1	1	2
OG0001442	1	1	2
OG0001443	1	1	2
OG0001444	1	1	2
OG0001445	1	1	2
OG0001446	1	1	2
OG0001447	1	1	2
OG0001448	2	0	2
OG0001449	2	0	2
OG0001450	2	0	2
OG0001451	1	1	2
OG0001452	2	0	2
OG0001453	2	0	2
OG0001454	1	1	2
OG0001455	1	1	2
OG0001456	1	1	2
OG0001457	2	0	2
OG0001458	2	0	2
OG0001459	1	1	2
OG0001460	1	1	2
OG0001461	1	1	2
OG0001462	1	1	2
OG0001463	1	1	2
OG0001464	1	1	2
OG0001465	1	1	2
OG0001466	2	0	2
OG0001467	1	1	2
OG0001468	1	1	2
OG0001469	2	0	2
OG0001470	2	0	2
OG0001471	2	0	2
OG0001472	2	0	2
OG0001473	2	0	2
OG0001474	1	1	2
OG0001475	1	1	2
OG0001476	1	1	2
OG0001477	1	1	2
OG0001478	2	0	2
OG0001479	1	1	2
OG0001480	1	1	2
OG0001481	1	1	2
OG0001482	1	1	2
OG0001483	1	1	2
OG0001484	1	1	2
OG0001485	1	1	2
OG0001486	1	1	2
OG0001487	1	1	2
OG0001488	2	0	2
OG0001489	2	0	2
OG0001490	2	0	2
OG0001491	1	1	2
OG0001492	1	1	2
OG0001493	1	1	2
OG0001494	1	1	2
OG0001495	1	1	2
OG0001496	1	1	2
OG0001497	1	1	2
OG0001498	1	1	2
OG0001499	1	1	2
OG0001500	2	0	2
OG0001501	1	1	2
OG0001502	1	1	2
OG0001503	1	1	2
OG0001504	1	1	2
OG0001505	1	1	2
OG0001506	2	0	2
OG0001507	1	1	2
OG0001508	1	1	2
OG0001509	2	0	2
OG0001510	1	1	2
OG0001511	2	0	2
OG0001512	1	1	2
OG0001513	1	1	2
OG0001514	2	0	2
OG0001515	1	1	2
OG0001516	1	1	2
OG0001517	1	1	2
OG0001518	2	0	2
OG0001519	1	1	2
OG0001520	1	1	2
OG0001521	1	1	2
OG0001522	2	0	2
OG0001523	1	1	2
OG0001524	1	1	2
OG0001525	1	1	2
OG0001526	2	0	2
OG0001527	1	1	2
OG0001528	2	0	2
OG0001529	1	1	2
OG0001530	1	1	2
OG0001531	2	0	2
OG0001532	1	1	2
OG0001533	1	1	2
OG0001534	1	1	2
OG0001535	1	1	2
OG0001536	2	0	2
OG0001537	1	1	2
OG0001538	1	1	2
OG0001539	1	1	2
OG0001540	1	1	2
OG0001541	1	1	2
OG0001542	1	1	2
OG0001543	2	0	2
OG0001544	1	1	2
OG0001545	1	1	2
OG0001546	1	1	2
OG0001547	2	0	2
OG0001548	2	0	2
OG0001549	1	1	2
OG0001550	1	1	2
OG0001551	1	1	2
OG0001552	1	1	2
OG0001553	1	1	2
OG0001554	1	1	2
OG0001555	1	1	2
OG0001556	1	1	2
OG0001557	1	1	2
OG0001558	1	1	2
OG0001559	1	1	2
OG0001560	1	1	2
OG0001561	1	1	2
OG0001562	1	1	2
OG0001563	1	1	2
OG0001564	1	1	2
OG0001565	1	1	2
OG0001566	1	1	2
OG0001567	2	0	2
OG0001568	2	0	2
OG0001569	1	1	2
OG0001570	1	1	2
OG0001571	1	1	2
OG0001572	1	1	2
OG0001573	2	0	2
OG0001574	1	1	2
OG0001575	1	1	2
OG0001576	1	1	2
OG0001577	1	1	2
OG0001578	2	0	2
OG0001579	1	1	2
OG0001580	1	1	2
OG0001581	1	1	2
OG0001582	1	1	2
OG0001583	2	0	2
OG0001584	1	1	2
OG0001585	1	1	2
OG0001586	2	0	2
OG0001587	1	1	2
OG0001588	2	0	2
OG0001589	1	1	2
OG0001590	1	1	2
OG0001591	2	0	2
OG0001592	1	1	2
OG0001593	1	1	2
OG0001594	1	1	2
OG0001595	2	0	2
OG0001596	1	1	2
OG0001597	2	0	2
OG0001598	2	0	2
OG0001599	1	1	2
OG0001600	2	0	2
OG0001601	1	1	2
OG0001602	1	1	2
OG0001603	1	1	2
OG0001604	2	0	2
OG0001605	2	0	2
OG0001606	1	1	2
OG0001607	1	1	2
OG0001608	1	1	2
OG0001609	2	0	2
OG0001610	2	0	2
OG0001611	1	1	2
OG0001612	1	1	2
OG0001613	2	0	2
OG0001614	2	0	2
OG0001615	1	1	2
OG0001616	1	1	2
OG0001617	1	1	2
OG0001618	1	1	2
OG0001619	1	1	2
OG0001620	1	1	2
OG0001621	1	1	2
OG0001622	1	1	2
OG0001623	1	1	2
OG0001624	1	1	2
OG0001625	1	1	2
OG0001626	1	1	2
OG0001627	1	1	2
OG0001628	1	1	2
OG0001629	2	0	2
OG0001630	1	1	2
OG0001631	1	1	2
OG0001632	1	1	2
OG0001633	2	0	2
OG0001634	1	1	2
OG0001635	2	0	2
OG0001636	1	1	2
OG0001637	1	1	2
OG0001638	1	1	2
OG0001639	1	1	2
OG0001640	2	0	2
OG0001641	1	1	2
OG0001642	2	0	2
OG0001643	1	1	2
OG0001644	1	1	2
OG0001645	1	1	2
OG0001646	2	0	2
OG0001647	1	1	2
OG0001648	1	1	2
OG0001649	1	1	2
OG0001650	2	0	2
OG0001651	1	1	2
OG0001652	2	0	2
OG0001653	2	0	2
OG0001654	1	1	2
OG0001655	1	1	2
OG0001656	1	1	2
OG0001657	1	1	2
OG0001658	1	1	2
OG0001659	1	1	2
OG0001660	2	0	2
OG0001661	1	1	2
OG0001662	1	1	2
OG0001663	1	1	2
OG0001664	2	0	2
OG0001665	1	1	2
OG0001666	2	0	2
OG0001667	1	1	2
OG0001668	1	1	2
OG0001669	1	1	2
OG0001670	1	1	2
OG0001671	1	1	2
OG0001672	1	1	2
OG0001673	1	1	2
OG0001674	1	1	2
OG0001675	1	1	2
OG0001676	1	1	2
OG0001677	2	0	2
OG0001678	2	0	2
OG0001679	2	0	2
OG0001680	1	1	2
OG0001681	1	1	2
OG0001682	2	0	2
OG0001683	1	1	2
OG0001684	1	1	2
OG0001685	1	1	2
OG0001686	2	0	2
OG0001687	2	0	2
OG0001688	2	0	2
OG0001689	2	0	2
OG0001690	1	1	2
OG0001691	1	1	2
OG0001692	1	1	2
OG0001693	2	0	2
OG0001694	1	1	2
OG0001695	1	1	2
OG0001696	1	1	2
OG0001697	1	1	2
OG0001698	1	1	2
OG0001699	1	1	2
OG0001700	1	1	2
OG0001701	1	1	2
OG0001702	1	1	2
OG0001703	1	1	2
OG0001704	1	1	2
OG0001705	2	0	2
OG0001706	1	1	2
OG0001707	1	1	2
OG0001708	2	0	2
OG0001709	1	1	2
OG0001710	1	1	2
OG0001711	1	1	2
OG0001712	2	0	2
OG0001713	1	1	2
OG0001714	1	1	2
OG0001715	2	0	2
OG0001716	1	1	2
OG0001717	1	1	2
OG0001718	2	0	2
OG0001719	1	1	2
OG0001720	1	1	2
OG0001721	1	1	2
OG0001722	1	1	2
OG0001723	1	1	2
OG0001724	1	1	2
OG0001725	1	1	2
OG0001726	1	1	2
OG0001727	1	1	2
OG0001728	1	1	2
OG0001729	1	1	2
OG0001730	1	1	2
OG0001731	1	1	2
OG0001732	1	1	2
OG0001733	2	0	2
OG0001734	1	1	2
OG0001735	1	1	2
OG0001736	1	1	2
OG0001737	1	1	2
OG0001738	1	1	2
OG0001739	1	1	2
OG0001740	2	0	2
OG0001741	1	1	2
OG0001742	1	1	2
OG0001743	2	0	2
OG0001744	2	0	2
OG0001745	1	1	2
OG0001746	2	0	2
OG0001747	1	1	2
OG0001748	2	0	2
OG0001749	1	1	2
OG0001750	1	1	2
OG0001751	1	1	2
OG0001752	1	1	2
OG0001753	1	1	2
OG0001754	1	1	2
OG0001755	1	1	2
OG0001756	1	1	2
OG0001757	1	1	2
OG0001758	1	1	2
OG0001759	1	1	2
OG0001760	1	1	2
OG0001761	1	1	2
OG0001762	1	1	2
OG0001763	1	1	2
OG0001764	1	1	2
OG0001765	1	1	2
OG0001766	2	0	2
OG0001767	1	1	2
OG0001768	1	1	2
OG0001769	1	1	2
OG0001770	2	0	2
OG0001771	1	1	2
OG0001772	2	0	2
OG0001773	1	1	2
OG0001774	2	0	2
OG0001775	1	1	2
OG0001776	2	0	2
OG0001777	2	0	2
OG0001778	1	1	2
OG0001779	1	1	2
OG0001780	1	1	2
OG0001781	1	1	2
OG0001782	2	0	2
OG0001783	1	1	2
OG0001784	1	1	2
OG0001785	1	1	2
OG0001786	1	1	2
OG0001787	2	0	2
OG0001788	1	1	2
OG0001789	1	1	2
OG0001790	1	1	2
OG0001791	1	1	2
OG0001792	1	1	2
OG0001793	2	0	2
OG0001794	1	1	2
OG0001795	1	1	2
OG0001796	1	1	2
OG0001797	1	1	2
OG0001798	1	1	2
OG0001799	1	1	2
OG0001800	1	1	2
OG0001801	2	0	2
OG0001802	1	1	2
OG0001803	1	1	2
OG0001804	2	0	2
OG0001805	1	1	2
OG0001806	1	1	2
OG0001807	1	1	2
OG0001808	1	1	2
OG0001809	2	0	2
OG0001810	1	1	2
OG0001811	1	1	2
OG0001812	1	1	2
OG0001813	1	1	2
OG0001814	1	1	2
OG0001815	1	1	2
OG0001816	1	1	2
OG0001817	1	1	2
OG0001818	1	1	2
OG0001819	1	1	2
OG0001820	1	1	2
OG0001821	1	1	2
OG0001822	1	1	2
OG0001823	1	1	2
OG0001824	1	1	2
OG0001825	2	0	2
OG0001826	1	1	2
OG0001827	1	1	2
OG0001828	2	0	2
OG0001829	1	1	2
OG0001830	2	0	2
OG0001831	1	1	2
OG0001832	2	0	2
OG0001833	1	1	2
OG0001834	1	1	2
OG0001835	1	1	2
OG0001836	1	1	2
OG0001837	1	1	2
OG0001838	2	0	2
OG0001839	1	1	2
OG0001840	2	0	2
OG0001841	1	1	2
OG0001842	1	1	2
OG0001843	1	1	2
OG0001844	1	1	2
OG0001845	2	0	2
OG0001846	1	1	2
OG0001847	1	1	2
OG0001848	2	0	2
OG0001849	1	1	2
OG0001850	1	1	2
OG0001851	2	0	2
OG0001852	2	0	2
OG0001853	2	0	2
OG0001854	1	1	2
OG0001855	1	1	2
OG0001856	1	1	2
OG0001857	1	1	2
OG0001858	2	0	2
OG0001859	1	1	2
OG0001860	1	1	2
OG0001861	1	1	2
OG0001862	1	1	2
OG0001863	2	0	2
OG0001864	1	1	2
OG0001865	1	1	2
OG0001866	1	1	2
OG0001867	1	1	2
OG0001868	1	1	2
OG0001869	1	1	2
OG0001870	1	1	2
OG0001871	1	1	2
OG0001872	1	1	2
OG0001873	1	1	2
OG0001874	1	1	2
OG0001875	1	1	2
OG0001876	1	1	2
OG0001877	1	1	2
OG0001878	1	1	2
OG0001879	1	1	2
OG0001880	1	1	2
OG0001881	1	1	2
OG0001882	1	1	2
OG0001883	1	1	2
OG0001884	2	0	2
OG0001885	1	1	2
OG0001886	2	0	2
OG0001887	1	1	2
OG0001888	1	1	2
OG0001889	2	0	2
OG0001890	2	0	2
OG0001891	1	1	2
OG0001892	1	1	2
OG0001893	1	1	2
OG0001894	1	1	2
OG0001895	1	1	2
OG0001896	2	0	2
OG0001897	1	1	2
OG0001898	1	1	2
OG0001899	1	1	2
OG0001900	1	1	2
OG0001901	1	1	2
OG0001902	1	1	2
OG0001903	1	1	2
OG0001904	1	1	2
OG0001905	1	1	2
OG0001906	1	1	2
OG0001907	1	1	2
OG0001908	2	0	2
OG0001909	1	1	2
OG0001910	1	1	2
OG0001911	1	1	2
OG0001912	1	1	2
OG0001913	1	1	2
OG0001914	1	1	2
OG0001915	1	1	2
OG0001916	2	0	2
OG0001917	1	1	2
OG0001918	1	1	2
OG0001919	1	1	2
OG0001920	2	0	2
OG0001921	1	1	2
OG0001922	1	1	2
OG0001923	1	1	2
OG0001924	1	1	2
OG0001925	1	1	2
OG0001926	1	1	2
OG0001927	1	1	2
OG0001928	1	1	2
OG0001929	1	1	2
OG0001930	1	1	2
OG0001931	1	1	2
OG0001932	1	1	2
OG0001933	1	1	2
OG0001934	1	1	2
OG0001935	1	1	2
OG0001936	1	1	2
OG0001937	2	0	2
OG0001938	1	1	2
OG0001939	1	1	2
OG0001940	1	1	2
OG0001941	1	1	2
OG0001942	1	1	2
OG0001943	1	1	2
OG0001944	1	1	2
OG0001945	1	1	2
OG0001946	1	1	2
OG0001947	1	1	2
OG0001948	1	1	2
OG0001949	1	1	2
OG0001950	1	1	2
OG0001951	1	1	2
OG0001952	1	1	2
OG0001953	1	1	2
OG0001954	1	1	2
OG0001955	1	1	2
OG0001956	2	0	2
OG0001957	1	1	2
OG0001958	1	1	2
OG0001959	1	1	2
OG0001960	1	1	2
OG0001961	1	1	2
OG0001962	2	0	2
OG0001963	1	1	2
OG0001964	1	1	2
OG0001965	1	1	2
OG0001966	1	1	2
OG0001967	1	1	2
OG0001968	1	1	2
OG0001969	1	1	2
OG0001970	1	1	2
OG0001971	1	1	2
OG0001972	1	1	2
OG0001973	1	1	2
OG0001974	1	1	2
OG0001975	1	1	2
OG0001976	1	1	2
OG0001977	1	1	2
OG0001978	1	1	2
OG0001979	1	1	2
OG0001980	2	0	2
OG0001981	1	1	2
OG0001982	1	1	2
OG0001983	1	1	2
OG0001984	1	1	2
OG0001985	1	1	2
OG0001986	1	1	2
OG0001987	1	1	2
OG0001988	2	0	2
OG0001989	1	1	2
OG0001990	1	1	2
OG0001991	1	1	2
OG0001992	1	1	2
OG0001993	1	1	2
OG0001994	2	0	2
OG0001995	1	1	2
OG0001996	1	1	2
OG0001997	1	1	2
OG0001998	2	0	2
OG0001999	1	1	2
OG0002000	1	1	2
OG0002001	1	1	2
OG0002002	1	1	2
OG0002003	1	1	2
OG0002004	1	1	2
OG0002005	1	1	2
OG0002006	1	1	2
OG0002007	1	1	2
OG0002008	1	1	2
OG0002009	2	0	2
OG0002010	1	1	2
OG0002011	1	1	2
OG0002012	2	0	2
OG0002013	1	1	2
OG0002014	1	1	2
OG0002015	1	1	2
OG0002016	1	1	2
OG0002017	1	1	2
OG0002018	1	1	2
OG0002019	1	1	2
OG0002020	1	1	2
OG0002021	1	1	2
OG0002022	1	1	2
OG0002023	1	1	2
OG0002024	1	1	2
OG0002025	1	1	2
OG0002026	1	1	2
OG0002027	1	1	2
OG0002028	1	1	2
OG0002029	1	1	2
OG0002030	1	1	2
OG0002031	1	1	2
OG0002032	1	1	2
OG0002033	1	1	2
OG0002034	1	1	2
OG0002035	1	1	2
OG0002036	2	0	2
OG0002037	1	1	2
OG0002038	1	1	2
OG0002039	1	1	2
OG0002040	1	1	2
OG0002041	1	1	2
OG0002042	1	1	2
OG0002043	1	1	2
OG0002044	1	1	2
OG0002045	1	1	2
OG0002046	1	1	2
OG0002047	1	1	2
OG0002048	1	1	2
OG0002049	1	1	2
OG0002050	1	1	2
OG0002051	1	1	2
OG0002052	1	1	2
OG0002053	1	1	2
OG0002054	1	1	2
OG0002055	1	1	2
OG0002056	1	1	2
OG0002057	2	0	2
OG0002058	2	0	2
OG0002059	1	1	2
OG0002060	1	1	2
OG0002061	1	1	2
OG0002062	1	1	2
OG0002063	1	1	2
OG0002064	1	1	2
OG0002065	1	1	2
OG0002066	1	1	2
OG0002067	1	1	2
OG0002068	1	1	2
OG0002069	1	1	2
OG0002070	1	1	2
OG0002071	1	1	2
OG0002072	1	1	2
OG0002073	1	1	2
OG0002074	1	1	2
OG0002075	1	1	2
OG0002076	1	1	2
OG0002077	1	1	2
OG0002078	1	1	2
OG0002079	1	1	2
OG0002080	1	1	2
OG0002081	1	1	2
OG0002082	1	1	2
OG0002083	1	1	2
OG0002084	1	1	2
OG0002085	1	1	2
OG0002086	1	1	2
OG0002087	1	1	2
OG0002088	1	1	2
OG0002089	1	1	2
OG0002090	1	1	2
OG0002091	1	1	2
OG0002092	1	1	2
OG0002093	1	1	2
OG0002094	1	1	2
OG0002095	1	1	2
OG0002096	1	1	2
OG0002097	1	1	2
OG0002098	1	1	2
OG0002099	1	1	2
OG0002100	1	1	2
OG0002101	1	1	2
OG0002102	1	1	2
OG0002103	1	1	2
OG0002104	1	1	2
OG0002105	1	1	2
OG0002106	1	1	2
OG0002107	1	1	2
OG0002108	2	0	2
OG0002109	1	1	2
OG0002110	1	1	2
OG0002111	1	1	2
OG0002112	1	1	2
OG0002113	1	1	2
OG0002114	1	1	2
OG0002115	1	1	2
OG0002116	1	1	2
OG0002117	1	1	2
OG0002118	1	1	2
OG0002119	1	1	2
OG0002120	1	1	2
OG0002121	1	1	2
OG0002122	1	1	2
OG0002123	1	1	2
OG0002124	1	1	2
OG0002125	1	1	2
OG0002126	1	1	2
OG0002127	1	1	2
OG0002128	1	1	2
OG0002129	1	1	2
OG0002130	1	1	2
OG0002131	1	1	2
OG0002132	1	1	2
OG0002133	1	1	2
OG0002134	1	1	2
OG0002135	1	1	2
OG0002136	1	1	2
OG0002137	1	1	2
OG0002138	1	1	2
OG0002139	1	1	2
OG0002140	1	1	2
OG0002141	1	1	2
OG0002142	1	1	2
OG0002143	1	1	2
OG0002144	1	1	2
OG0002145	1	1	2
OG0002146	1	1	2
OG0002147	1	1	2
OG0002148	1	1	2
OG0002149	1	1	2
OG0002150	1	1	2
OG0002151	1	1	2
OG0002152	1	1	2
OG0002153	1	1	2
OG0002154	1	1	2
OG0002155	1	1	2
OG0002156	1	1	2
OG0002157	1	1	2
OG0002158	1	1	2
OG0002159	1	1	2
OG0002160	1	1	2
OG0002161	1	1	2
OG0002162	1	1	2
OG0002163	1	1	2
OG0002164	1	1	2
OG0002165	1	1	2
OG0002166	1	1	2
OG0002167	1	1	2
OG0002168	1	1	2
OG0002169	1	1	2
OG0002170	1	1	2
OG0002171	0	2	2
OG0002172	0	2	2
OG0002173	0	2	2
OG0002174	0	2	2
OG0002175	0	2	2
OG0002176	0	2	2
OG0002177	0	2	2
OG0002178	0	2	2
OG0002179	0	2	2
OG0002180	0	2	2
OG0002181	0	2	2
OG0002182	0	2	2
OG0002183	0	2	2
OG0002184	0	2	2
OG0002185	0	2	2
OG0002186	0	2	2
OG0002187	0	2	2
OG0002188	0	2	2
OG0002189	0	2	2
OG0002190	0	2	2
OG0002191	0	2	2
OG0002192	0	2	2
OG0002193	0	2	2
OG0002194	0	2	2
OG0002195	0	2	2
OG0002196	0	2	2
OG0002197	0	2	2
OG0002198	0	2	2
OG0002199	0	2	2
OG0002200	0	2	2
OG0002201	0	2	2
OG0002202	0	2	2
OG0002203	0	2	2
OG0002204	0	2	2
OG0002205	0	2	2
OG0002206	0	2	2
OG0002207	0	2	2
OG0002208	0	2	2
OG0002209	0	2	2
OG0002210	0	2	2
OG0002211	0	2	2
OG0002212	0	2	2
OG0002213	0	2	2
OG0002214	0	2	2
OG0002215	0	2	2
OG0002216	0	2	2
OG0002217	0	2	2
OG0002218	0	2	2
OG0002219	0	2	2
OG0002220	0	2	2
OG0002221	0	2	2
OG0002222	0	2	2
OG0002223	0	2	2
OG0002224	0	2	2
OG0002225	0	2	2
OG0002226	0	2	2
OG0002227	0	2	2
OG0002228	0	2	2
OG0002229	0	2	2
OG0002230	0	2	2
OG0002231	0	2	2
OG0002232	0	2	2
OG0002233	0	2	2
OG0002234	0	2	2
OG0002235	0	2	2
OG0002236	0	2	2
OG0002237	0	2	2
OG0002238	0	2	2
OG0002239	0	2	2
OG0002240	0	2	2
OG0002241	0	2	2
OG0002242	0	2	2
OG0002243	0	2	2
OG0002244	0	2	2
OG0002245	0	2	2
OG0002246	0	2	2
OG0002247	0	2	2
OG0002248	0	2	2
OG0002249	0	2	2
OG0002250	0	2	2
OG0002251	0	2	2
OG0002252	0	2	2
OG0002253	0	2	2
OG0002254	0	2	2
OG0002255	0	2	2
OG0002256	0	2	2
OG0002257	0	2	2
OG0002258	0	2	2
OG0002259	0	2	2
OG0002260	0	2	2
OG0002261	0	2	2
OG0002262	0	2	2
OG0002263	0	2	2
OG0002264	0	2	2
OG0002265	0	2	2
OG0002266	0	2	2
OG0002267	0	2	2
OG0002268	0	2	2
OG0002269	0	2	2
OG0002270	0	2	2
OG0002271	0	2	2
OG0002272	0	2	2
OG0002273	0	2	2
OG0002274	0	2	2
OG0002275	0	2	2
OG0002276	0	2	2
OG0002277	0	2	2
OG0002278	0	2	2
OG0002279	0	2	2
OG0002280	0	2	2
OG0002281	0	2	2
OG0002282	0	2	2
OG0002283	0	2	2
OG0002284	0	2	2
OG0002285	0	2	2
OG0002286	0	2	2
OG0002287	0	2	2
OG0002288	0	2	2
OG0002289	0	2	2
OG0002290	0	2	2
OG0002291	0	2	2
OG0002292	0	2	2
OG0002293	0	2	2
OG0002294	0	2	2
OG0002295	0	2	2
OG0002296	0	2	2
OG0002297	0	2	2
OG0002298	0	2	2
OG0002299	0	2	2
OG0002300	0	2	2
OG0002301	0	2	2
OG0002302	0	2	2
OG0002303	0	2	2
OG0002304	0	2	2
OG0002305	0	2	2
OG0002306	0	2	2
OG0002307	0	2	2
OG0002308	0	2	2
OG0002309	0	2	2
OG0002310	0	2	2
OG0002311	0	2	2
OG0002312	0	2	2
OG0002313	0	2	2
OG0002314	0	2	2
OG0002315	0	2	2
OG0002316	0	2	2
OG0002317	0	2	2
OG0002318	0	2	2
OG0002319	0	2	2
OG0002320	0	2	2
OG0002321	0	2	2
OG0002322	0	2	2
OG0002323	0	2	2
OG0002324	0	2	2
OG0002325	0	2	2
OG0002326	0	2	2
OG0002327	0	2	2
OG0002328	0	2	2
OG0002329	0	2	2
OG0002330	0	2	2
OG0002331	0	2	2
OG0002332	0	2	2
OG0002333	0	2	2
OG0002334	0	2	2
OG0002335	0	2	2
OG0002336	0	2	2
OG0002337	0	2	2
OG0002338	0	2	2
OG0002339	0	2	2
OG0002340	0	2	2
OG0002341	0	2	2
OG0002342	0	2	2
OG0002343	0	2	2
OG0002344	0	2	2
OG0002345	0	2	2
OG0002346	0	2	2
OG0002347	0	2	2
OG0002348	0	2	2
OG0002349	0	2	2
OG0002350	0	2	2
OG0002351	0	2	2
OG0002352	0	2	2
OG0002353	0	2	2
OG0002354	0	2	2
OG0002355	0	2	2
OG0002356	0	2	2
OG0002357	0	2	2
OG0002358	0	2	2
OG0002359	0	2	2
OG0002360	0	2	2
OG0002361	0	2	2
OG0002362	0	2	2
OG0002363	0	2	2
OG0002364	0	2	2
OG0002365	0	2	2
OG0002366	0	2	2
OG0002367	0	2	2
OG0002368	0	2	2
OG0002369	0	2	2
OG0002370	0	2	2
OG0002371	0	2	2
OG0002372	0	2	2
OG0002373	0	2	2
OG0002374	0	2	2
OG0002375	0	2	2
OG0002376	0	2	2
OG0002377	0	2	2
OG0002378	0	2	2
OG0002379	0	2	2
OG0002380	0	2	2
OG0002381	0	2	2
OG0002382	0	2	2
OG0002383	0	2	2
OG0002384	0	2	2
OG0002385	0	2	2
OG0002386	0	2	2
OG0002387	0	2	2
OG0002388	0	2	2
OG0002389	0	2	2
OG0002390	0	2	2
OG0002391	0	2	2
OG0002392	0	2	2
OG0002393	0	2	2
OG0002394	0	2	2
OG0002395	0	2	2
OG0002396	0	2	2
OG0002397	0	2	2
OG0002398	0	2	2
OG0002399	0	2	2
OG0002400	0	2	2
OG0002401	0	2	2
OG0002402	0	2	2
OG0002403	0	2	2
OG0002404	0	2	2
OG0002405	0	2	2
OG0002406	0	2	2
OG0002407	0	2	2
OG0002408	0	2	2
OG0002409	0	2	2
OG0002410	0	2	2
OG0002411	0	2	2
OG0002412	0	2	2
OG0002413	0	2	2
OG0002414	0	2	2
OG0002415	0	2	2
OG0002416	0	2	2
OG0002417	0	2	2
OG0002418	0	2	2
OG0002419	0	2	2
OG0002420	0	2	2
OG0002421	0	2	2
OG0002422	0	2	2
OG0002423	0	2	2
OG0002424	0	2	2
OG0002425	0	2	2
OG0002426	0	2	2
OG0002427	0	2	2
OG0002428	0	2	2
OG0002429	0	2	2
OG0002430	0	2	2
OG0002431	0	2	2
OG0002432	0	2	2
OG0002433	0	2	2
OG0002434	0	2	2
OG0002435	0	2	2
OG0002436	0	2	2
OG0002437	0	2	2
OG0002438	0	2	2
OG0002439	0	2	2
OG0002440	0	2	2
OG0002441	0	2	2
OG0002442	0	2	2
OG0002443	0	2	2
OG0002444	0	2	2
OG0002445	0	2	2
OG0002446	0	2	2
OG0002447	0	2	2
OG0002448	0	2	2
OG0002449	0	2	2
OG0002450	0	2	2
OG0002451	0	2	2
OG0002452	0	2	2
OG0002453	0	2	2
OG0002454	0	2	2
OG0002455	0	2	2
OG0002456	0	2	2
OG0002457	0	2	2
OG0002458	0	2	2
OG0002459	0	2	2
OG0002460	0	2	2
OG0002461	0	2	2
OG0002462	0	2	2
OG0002463	0	2	2
OG0002464	0	2	2
OG0002465	0	2	2
OG0002466	0	2	2
OG0002467	0	2	2
OG0002468	0	2	2
OG0002469	0	2	2
OG0002470	0	2	2
OG0002471	0	2	2
OG0002472	0	2	2
OG0002473	0	2	2
OG0002474	0	2	2
OG0002475	0	2	2
OG0002476	0	2	2
OG0002477	0	2	2
OG0002478	0	2	2
OG0002479	0	2	2
OG0002480	0	2	2
OG0002481	0	2	2
OG0002482	0	2	2
OG0002483	0	2	2
OG0002484	0	2	2
OG0002485	0	2	2
OG0002486	0	2	2
OG0002487	0	2	2
OG0002488	0	2	2
OG0002489	0	2	2
OG0002490	0	2	2
OG0002491	0	2	2
OG0002492	0	2	2
OG0002493	0	2	2
OG0002494	0	2	2
OG0002495	0	2	2
OG0002496	0	2	2
OG0002497	0	2	2
OG0002498	0	2	2
OG0002499	0	2	2
OG0002500	0	2	2
OG0002501	0	2	2
OG0002502	0	2	2
OG0002503	0	2	2
OG0002504	0	2	2
OG0002505	0	2	2
OG0002506	0	2	2
OG0002507	0	2	2
OG0002508	0	2	2
OG0002509	0	2	2
OG0002510	0	2	2
OG0002511	0	2	2
OG0002512	0	2	2
OG0002513	0	2	2
OG0002514	0	2	2
OG0002515	0	2	2
OG0002516	0	2	2
OG0002517	0	2	2
OG0002518	0	2	2
OG0002519	0	2	2
OG0002520	0	2	2
OG0002521	0	2	2
OG0002522	0	2	2
OG0002523	0	2	2
OG0002524	0	2	2
OG0002525	0	2	2
OG0002526	0	2	2
OG0002527	0	2	2
OG0002528	0	2	2
OG0002529	0	2	2
OG0002530	0	2	2
OG0002531	0	2	2
OG0002532	0	2	2
OG0002533	0	2	2
OG0002534	0	2	2
OG0002535	0	2	2
OG0002536	0	2	2
OG0002537	0	2	2
OG0002538	0	2	2
OG0002539	0	2	2
OG0002540	0	2	2
OG0002541	0	2	2
OG0002542	0	2	2
OG0002543	0	2	2
OG0002544	0	2	2
OG0002545	0	2	2
OG0002546	0	2	2
OG0002547	0	2	2
OG0002548	0	2	2
OG0002549	0	2	2
OG0002550	0	2	2
OG0002551	0	2	2
OG0002552	0	2	2
OG0002553	0	2	2
OG0002554	0	2	2
OG0002555	0	2	2
OG0002556	0	2	2
OG0002557	0	2	2
OG0002558	0	2	2
OG0002559	0	2	2
OG0002560	0	2	2
OG0002561	0	2	2
OG0002562	0	2	2
OG0002563	0	2	2
OG0002564	0	2	2
OG0002565	0	2	2
OG0002566	0	2	2
OG0002567	0	2	2
OG0002568	0	2	2
OG0002569	0	2	2
OG0002570	0	2	2
OG0002571	0	2	2
OG0002572	0	2	2
OG0002573	0	2	2
OG0002574	0	2	2
OG0002575	0	2	2
OG0002576	0	2	2
OG0002577	0	2	2
OG0002578	0	2	2
OG0002579	0	2	2
OG0002580	0	2	2
OG0002581	0	2	2
OG0002582	0	2	2
OG0002583	0	2	2
OG0002584	0	2	2
OG0002585	0	2	2
OG0002586	0	2	2
OG0002587	0	2	2
OG0002588	0	2	2
OG0002589	0	2	2
OG0002590	0	2	2
OG0002591	0	2	2
OG0002592	0	2	2
OG0002593	0	2	2
OG0002594	0	2	2
OG0002595	0	2	2
OG0002596	0	2	2
OG0002597	0	2	2
OG0002598	0	2	2
OG0002599	0	2	2
OG0002600	0	2	2
OG0002601	0	2	2
OG0002602	0	2	2
OG0002603	0	2	2
OG0002604	0	2	2
OG0002605	0	2	2
OG0002606	0	2	2
OG0002607	0	2	2
OG0002608	0	2	2
OG0002609	0	2	2
OG0002610	0	2	2
OG0002611	0	2	2
OG0002612	0	2	2
OG0002613	0	2	2
OG0002614	0	2	2
OG0002615	0	2	2
OG0002616	0	2	2
OG0002617	0	2	2
OG0002618	0	2	2
OG0002619	0	2	2
OG0002620	0	2	2
OG0002621	0	2	2
OG0002622	0	2	2
OG0002623	0	2	2
OG0002624	0	2	2
OG0002625	0	2	2
OG0002626	0	2	2
OG0002627	0	2	2
OG0002628	0	2	2
OG0002629	0	2	2
OG0002630	0	2	2
OG0002631	0	2	2
OG0002632	0	2	2
OG0002633	0	2	2
OG0002634	0	2	2
OG0002635	0	2	2
OG0002636	0	2	2
OG0002637	0	2	2
OG0002638	0	2	2
OG0002639	0	2	2
OG0002640	0	2	2
OG0002641	0	2	2
OG0002642	0	2	2
OG0002643	0	2	2
OG0002644	0	2	2
OG0002645	0	2	2
OG0002646	0	2	2
OG0002647	0	2	2
OG0002648	0	2	2
OG0002649	0	2	2
OG0002650	0	2	2
OG0002651	0	2	2
OG0002652	0	2	2
OG0002653	0	2	2
OG0002654	0	2	2
OG0002655	0	2	2
OG0002656	0	2	2
OG0002657	0	2	2
OG0002658	0	2	2
OG0002659	0	2	2
OG0002660	0	2	2
OG0002661	0	2	2
OG0002662	0	2	2
OG0002663	0	2	2
OG0002664	0	2	2
OG0002665	0	2	2
OG0002666	0	2	2
OG0002667	0	2	2
OG0002668	0	2	2
OG0002669	0	2	2
OG0002670	0	2	2
OG0002671	0	2	2
OG0002672	0	2	2
OG0002673	0	2	2
OG0002674	0	2	2
OG0002675	0	2	2
OG0002676	0	2	2
OG0002677	0	2	2
OG0002678	0	2	2
OG0002679	0	2	2
OG0002680	0	2	2
OG0002681	0	2	2
OG0002682	0	2	2
OG0002683	0	2	2
OG0002684	0	2	2
OG0002685	0	2	2
OG0002686	0	2	2
OG0002687	0	2	2
OG0002688	0	2	2
OG0002689	0	2	2
OG0002690	0	2	2
OG0002691	0	2	2
OG0002692	0	2	2
OG0002693	0	2	2
OG0002694	0	2	2
OG0002695	0	2	2
OG0002696	0	2	2
OG0002697	0	2	2
OG0002698	0	2	2
OG0002699	0	2	2
OG0002700	0	2	2
OG0002701	0	2	2
OG0002702	0	2	2
OG0002703	0	2	2
OG0002704	0	2	2
OG0002705	0	2	2
OG0002706	0	2	2
OG0002707	0	2	2
OG0002708	0	2	2
OG0002709	0	2	2
OG0002710	0	2	2
OG0002711	0	2	2
OG0002712	0	2	2
OG0002713	0	2	2
OG0002714	0	2	2
OG0002715	0	2	2
OG0002716	0	2	2
OG0002717	0	2	2
OG0002718	0	2	2
OG0002719	0	2	2
OG0002720	0	2	2
OG0002721	0	2	2
OG0002722	0	2	2
OG0002723	0	2	2
OG0002724	0	2	2
OG0002725	0	2	2
OG0002726	0	2	2
OG0002727	0	2	2
OG0002728	0	2	2
OG0002729	0	2	2
OG0002730	0	2	2
OG0002731	0	2	2
OG0002732	0	2	2
OG0002733	0	2	2
OG0002734	0	2	2
OG0002735	0	2	2
OG0002736	0	2	2
OG0002737	0	2	2
OG0002738	0	2	2
OG0002739	0	2	2
OG0002740	0	2	2
OG0002741	0	2	2
OG0002742	0	2	2
OG0002743	0	2	2
OG0002744	0	2	2
OG0002745	0	2	2
OG0002746	0	2	2
OG0002747	0	2	2
OG0002748	0	2	2
OG0002749	0	2	2
OG0002750	0	2	2
OG0002751	0	2	2
OG0002752	0	2	2
OG0002753	0	2	2
OG0002754	0	2	2
OG0002755	0	2	2
OG0002756	0	2	2
OG0002757	0	2	2
OG0002758	0	2	2
OG0002759	0	2	2
OG0002760	0	2	2
OG0002761	0	2	2
OG0002762	0	2	2
OG0002763	0	2	2
OG0002764	0	2	2
OG0002765	0	2	2
OG0002766	0	2	2
OG0002767	0	2	2
OG0002768	0	2	2
OG0002769	0	2	2
OG0002770	0	2	2
OG0002771	0	2	2
OG0002772	0	2	2
OG0002773	0	2	2
OG0002774	0	2	2
OG0002775	0	2	2
OG0002776	0	2	2
OG0002777	0	2	2
OG0002778	0	2	2
OG0002779	0	2	2
OG0002780	0	2	2
OG0002781	0	2	2
OG0002782	0	2	2
OG0002783	0	2	2
OG0002784	0	2	2
OG0002785	0	2	2
OG0002786	0	2	2
OG0002787	0	2	2
OG0002788	0	2	2
OG0002789	0	2	2
OG0002790	0	2	2
OG0002791	0	2	2
OG0002792	0	2	2
OG0002793	0	2	2
OG0002794	0	2	2
OG0002795	0	2	2
OG0002796	0	2	2
OG0002797	0	2	2
OG0002798	0	2	2
OG0002799	0	2	2
OG0002800	0	2	2
OG0002801	0	2	2
OG0002802	0	2	2
OG0002803	0	2	2
OG0002804	0	2	2
OG0002805	0	2	2
OG0002806	0	2	2
OG0002807	0	2	2
OG0002808	0	2	2
OG0002809	0	2	2
OG0002810	0	2	2
OG0002811	0	2	2
OG0002812	0	2	2
OG0002813	0	2	2
OG0002814	0	2	2
OG0002815	0	2	2
OG0002816	0	2	2
OG0002817	0	2	2
OG0002818	0	2	2
OG0002819	0	2	2
OG0002820	0	2	2
OG0002821	0	2	2
OG0002822	0	2	2
OG0002823	0	2	2
OG0002824	0	2	2
OG0002825	0	2	2
OG0002826	0	2	2
OG0002827	0	2	2
OG0002828	0	2	2
OG0002829	0	2	2
OG0002830	0	2	2
OG0002831	0	2	2
OG0002832	0	2	2
OG0002833	0	2	2
OG0002834	0	2	2
OG0002835	0	2	2
OG0002836	0	2	2
OG0002837	0	2	2
OG0002838	0	2	2
OG0002839	0	2	2
OG0002840	0	2	2
OG0002841	0	2	2
OG0002842	0	2	2
OG0002843	0	2	2
OG0002844	0	2	2
OG0002845	0	2	2
OG0002846	0	2	2
OG0002847	0	2	2
OG0002848	0	2	2
OG0002849	0	2	2
OG0002850	0	2	2
OG0002851	0	2	2
OG0002852	0	2	2
OG0002853	0	2	2
OG0002854	0	2	2
OG0002855	0	2	2
OG0002856	0	2	2
OG0002857	0	2	2
OG0002858	0	2	2
OG0002859	0	2	2
OG0002860	0	2	2
OG0002861	0	2	2
OG0002862	0	2	2
OG0002863	0	2	2
OG0002864	0	2	2
OG0002865	0	2	2
OG0002866	0	2	2
OG0002867	0	2	2
OG0002868	0	2	2
OG0002869	0	2	2
OG0002870	0	2	2
OG0002871	0	2	2
OG0002872	0	2	2
OG0002873	0	2	2
OG0002874	0	2	2
OG0002875	0	2	2
OG0002876	0	2	2
OG0002877	0	2	2
OG0002878	0	2	2
OG0002879	0	2	2
OG0002880	0	2	2
OG0002881	0	2	2
OG0002882	0	2	2
OG0002883	0	2	2
OG0002884	0	2	2
OG0002885	0	2	2
OG0002886	0	2	2
OG0002887	0	2	2
OG0002888	0	2	2
OG0002889	0	2	2
OG0002890	0	2	2
OG0002891	0	2	2
OG0002892	0	2	2
OG0002893	0	2	2
OG0002894	0	2	2
OG0002895	0	2	2
OG0002896	0	2	2
OG0002897	0	2	2
OG0002898	0	2	2
OG0002899	0	2	2
OG0002900	0	2	2
OG0002901	0	2	2
OG0002902	0	2	2
OG0002903	0	2	2
OG0002904	0	2	2
OG0002905	0	2	2
OG0002906	0	2	2
OG0002907	0	2	2
OG0002908	0	2	2
OG0002909	0	2	2
OG0002910	0	2	2
OG0002911	0	2	2
OG0002912	0	2	2
OG0002913	0	2	2
OG0002914	0	2	2
OG0002915	0	2	2
OG0002916	0	2	2
OG0002917	0	2	2
OG0002918	0	2	2
OG0002919	0	2	2
OG0002920	0	2	2
OG0002921	0	2	2
OG0002922	0	2	2
OG0002923	0	2	2
OG0002924	0	2	2
OG0002925	0	2	2
OG0002926	0	2	2
OG0002927	0	2	2
OG0002928	0	2	2
OG0002929	0	2	2
OG0002930	0	2	2
OG0002931	0	2	2
OG0002932	0	2	2
OG0002933	0	2	2
OG0002934	0	2	2
OG0002935	0	2	2
OG0002936	0	2	2
OG0002937	0	2	2
OG0002938	0	2	2
OG0002939	0	2	2
OG0002940	0	2	2
OG0002941	0	2	2
OG0002942	0	2	2
OG0002943	0	2	2
OG0002944	0	2	2
OG0002945	0	2	2
OG0002946	0	2	2
OG0002947	0	2	2
OG0002948	0	2	2
OG0002949	0	2	2
OG0002950	0	2	2
OG0002951	0	2	2
OG0002952	0	2	2
OG0002953	0	2	2
OG0002954	0	2	2
OG0002955	0	2	2
OG0002956	0	2	2
OG0002957	0	2	2
OG0002958	0	2	2
OG0002959	0	2	2
OG0002960	0	2	2
OG0002961	0	2	2
OG0002962	0	2	2
OG0002963	0	2	2
OG0002964	0	2	2
OG0002965	0	2	2
OG0002966	0	2	2
OG0002967	0	2	2
OG0002968	0	2	2
OG0002969	0	2	2
OG0002970	0	2	2
OG0002971	0	2	2
OG0002972	0	2	2
OG0002973	0	2	2
OG0002974	0	2	2
OG0002975	0	2	2
OG0002976	0	2	2
OG0002977	0	2	2
OG0002978	0	2	2
OG0002979	0	2	2
OG0002980	0	2	2
OG0002981	0	2	2
OG0002982	0	2	2
OG0002983	0	2	2
OG0002984	0	2	2
OG0002985	0	2	2
OG0002986	0	2	2
OG0002987	0	2	2
OG0002988	0	2	2
OG0002989	0	2	2
OG0002990	0	2	2
OG0002991	0	2	2
OG0002992	0	2	2
OG0002993	0	2	2
OG0002994	0	2	2
OG0002995	0	2	2
OG0002996	0	2	2
OG0002997	0	2	2
OG0002998	0	2	2
OG0002999	0	2	2
OG0003000	0	2	2
OG0003001	0	2	2
OG0003002	0	2	2
OG0003003	0	2	2
OG0003004	0	2	2
