Orthogroup	19222_Sid_GoodCoral_500lnThresh_Final	29422_past_LongestContig_suffixed	Total
OG0000000	146	4	150
OG0000001	122	4	126
OG0000002	122	2	124
OG0000003	111	2	113
OG0000004	67	0	67
OG0000005	59	3	62
OG0000006	5	52	57
OG0000007	2	44	46
OG0000008	3	41	44
OG0000009	36	5	41
OG0000010	40	0	40
OG0000011	38	1	39
OG0000012	35	2	37
OG0000013	29	7	36
OG0000014	31	2	33
OG0000015	33	0	33
OG0000016	29	2	31
OG0000017	29	2	31
OG0000018	0	31	31
OG0000019	0	30	30
OG0000020	26	0	26
OG0000021	26	0	26
OG0000022	0	25	25
OG0000023	1	23	24
OG0000024	0	24	24
OG0000025	22	1	23
OG0000026	22	0	22
OG0000027	22	0	22
OG0000028	19	2	21
OG0000029	0	21	21
OG0000030	0	21	21
OG0000031	20	0	20
OG0000032	1	19	20
OG0000033	0	20	20
OG0000034	0	20	20
OG0000035	15	4	19
OG0000036	18	1	19
OG0000037	17	1	18
OG0000038	14	4	18
OG0000039	16	1	17
OG0000040	16	1	17
OG0000041	15	2	17
OG0000042	0	17	17
OG0000043	14	2	16
OG0000044	15	1	16
OG0000045	15	1	16
OG0000046	16	0	16
OG0000047	3	13	16
OG0000048	0	16	16
OG0000049	14	1	15
OG0000050	14	1	15
OG0000051	14	1	15
OG0000052	15	0	15
OG0000053	14	1	15
OG0000054	15	0	15
OG0000055	14	1	15
OG0000056	11	3	14
OG0000057	13	1	14
OG0000058	14	0	14
OG0000059	2	12	14
OG0000060	0	14	14
OG0000061	12	1	13
OG0000062	12	1	13
OG0000063	1	12	13
OG0000064	1	12	13
OG0000065	12	0	12
OG0000066	12	0	12
OG0000067	11	1	12
OG0000068	11	1	12
OG0000069	2	10	12
OG0000070	11	0	11
OG0000071	11	0	11
OG0000072	11	0	11
OG0000073	11	0	11
OG0000074	10	1	11
OG0000075	1	10	11
OG0000076	0	11	11
OG0000077	0	11	11
OG0000078	0	11	11
OG0000079	0	11	11
OG0000080	10	0	10
OG0000081	10	0	10
OG0000082	8	2	10
OG0000083	10	0	10
OG0000084	10	0	10
OG0000085	9	1	10
OG0000086	10	0	10
OG0000087	10	0	10
OG0000088	4	6	10
OG0000089	0	10	10
OG0000090	0	10	10
OG0000091	0	10	10
OG0000092	9	0	9
OG0000093	8	1	9
OG0000094	7	2	9
OG0000095	9	0	9
OG0000096	8	1	9
OG0000097	8	1	9
OG0000098	1	8	9
OG0000099	9	0	9
OG0000100	6	3	9
OG0000101	1	8	9
OG0000102	8	1	9
OG0000103	1	8	9
OG0000104	0	9	9
OG0000105	0	9	9
OG0000106	0	9	9
OG0000107	0	9	9
OG0000108	0	9	9
OG0000109	0	9	9
OG0000110	8	0	8
OG0000111	8	0	8
OG0000112	5	3	8
OG0000113	8	0	8
OG0000114	8	0	8
OG0000115	8	0	8
OG0000116	7	1	8
OG0000117	8	0	8
OG0000118	8	0	8
OG0000119	7	1	8
OG0000120	7	1	8
OG0000121	7	1	8
OG0000122	1	7	8
OG0000123	8	0	8
OG0000124	8	0	8
OG0000125	8	0	8
OG0000126	6	2	8
OG0000127	8	0	8
OG0000128	1	7	8
OG0000129	8	0	8
OG0000130	8	0	8
OG0000131	1	7	8
OG0000132	8	0	8
OG0000133	1	7	8
OG0000134	0	8	8
OG0000135	0	8	8
OG0000136	0	8	8
OG0000137	0	8	8
OG0000138	0	8	8
OG0000139	0	8	8
OG0000140	0	8	8
OG0000141	0	8	8
OG0000142	0	8	8
OG0000143	0	8	8
OG0000144	7	0	7
OG0000145	7	0	7
OG0000146	6	1	7
OG0000147	4	3	7
OG0000148	7	0	7
OG0000149	6	1	7
OG0000150	7	0	7
OG0000151	6	1	7
OG0000152	7	0	7
OG0000153	6	1	7
OG0000154	7	0	7
OG0000155	6	1	7
OG0000156	7	0	7
OG0000157	7	0	7
OG0000158	6	1	7
OG0000159	7	0	7
OG0000160	6	1	7
OG0000161	6	1	7
OG0000162	6	1	7
OG0000163	7	0	7
OG0000164	6	1	7
OG0000165	7	0	7
OG0000166	6	1	7
OG0000167	7	0	7
OG0000168	7	0	7
OG0000169	5	2	7
OG0000170	7	0	7
OG0000171	7	0	7
OG0000172	1	6	7
OG0000173	7	0	7
OG0000174	3	4	7
OG0000175	2	5	7
OG0000176	1	6	7
OG0000177	1	6	7
OG0000178	1	6	7
OG0000179	0	7	7
OG0000180	0	7	7
OG0000181	0	7	7
OG0000182	0	7	7
OG0000183	0	7	7
OG0000184	0	7	7
OG0000185	0	7	7
OG0000186	0	7	7
OG0000187	0	7	7
OG0000188	0	7	7
OG0000189	0	7	7
OG0000190	0	7	7
OG0000191	0	7	7
OG0000192	0	7	7
OG0000193	0	7	7
OG0000194	6	0	6
OG0000195	6	0	6
OG0000196	6	0	6
OG0000197	6	0	6
OG0000198	5	1	6
OG0000199	5	1	6
OG0000200	4	2	6
OG0000201	5	1	6
OG0000202	1	5	6
OG0000203	4	2	6
OG0000204	6	0	6
OG0000205	6	0	6
OG0000206	4	2	6
OG0000207	6	0	6
OG0000208	6	0	6
OG0000209	6	0	6
OG0000210	3	3	6
OG0000211	6	0	6
OG0000212	6	0	6
OG0000213	6	0	6
OG0000214	6	0	6
OG0000215	6	0	6
OG0000216	6	0	6
OG0000217	6	0	6
OG0000218	5	1	6
OG0000219	6	0	6
OG0000220	6	0	6
OG0000221	6	0	6
OG0000222	6	0	6
OG0000223	6	0	6
OG0000224	6	0	6
OG0000225	2	4	6
OG0000226	4	2	6
OG0000227	6	0	6
OG0000228	6	0	6
OG0000229	5	1	6
OG0000230	6	0	6
OG0000231	6	0	6
OG0000232	6	0	6
OG0000233	5	1	6
OG0000234	6	0	6
OG0000235	1	5	6
OG0000236	6	0	6
OG0000237	1	5	6
OG0000238	1	5	6
OG0000239	2	4	6
OG0000240	3	3	6
OG0000241	1	5	6
OG0000242	0	6	6
OG0000243	0	6	6
OG0000244	0	6	6
OG0000245	0	6	6
OG0000246	0	6	6
OG0000247	0	6	6
OG0000248	0	6	6
OG0000249	0	6	6
OG0000250	0	6	6
OG0000251	0	6	6
OG0000252	0	6	6
OG0000253	0	6	6
OG0000254	0	6	6
OG0000255	0	6	6
OG0000256	0	6	6
OG0000257	0	6	6
OG0000258	5	0	5
OG0000259	5	0	5
OG0000260	4	1	5
OG0000261	5	0	5
OG0000262	5	0	5
OG0000263	5	0	5
OG0000264	5	0	5
OG0000265	4	1	5
OG0000266	4	1	5
OG0000267	2	3	5
OG0000268	5	0	5
OG0000269	5	0	5
OG0000270	3	2	5
OG0000271	4	1	5
OG0000272	5	0	5
OG0000273	5	0	5
OG0000274	5	0	5
OG0000275	5	0	5
OG0000276	4	1	5
OG0000277	4	1	5
OG0000278	5	0	5
OG0000279	5	0	5
OG0000280	5	0	5
OG0000281	3	2	5
OG0000282	4	1	5
OG0000283	5	0	5
OG0000284	4	1	5
OG0000285	5	0	5
OG0000286	5	0	5
OG0000287	5	0	5
OG0000288	4	1	5
OG0000289	5	0	5
OG0000290	5	0	5
OG0000291	5	0	5
OG0000292	5	0	5
OG0000293	3	2	5
OG0000294	4	1	5
OG0000295	5	0	5
OG0000296	3	2	5
OG0000297	5	0	5
OG0000298	4	1	5
OG0000299	5	0	5
OG0000300	5	0	5
OG0000301	5	0	5
OG0000302	5	0	5
OG0000303	5	0	5
OG0000304	5	0	5
OG0000305	4	1	5
OG0000306	1	4	5
OG0000307	4	1	5
OG0000308	5	0	5
OG0000309	5	0	5
OG0000310	5	0	5
OG0000311	4	1	5
OG0000312	2	3	5
OG0000313	2	3	5
OG0000314	5	0	5
OG0000315	5	0	5
OG0000316	4	1	5
OG0000317	4	1	5
OG0000318	1	4	5
OG0000319	4	1	5
OG0000320	5	0	5
OG0000321	5	0	5
OG0000322	5	0	5
OG0000323	5	0	5
OG0000324	4	1	5
OG0000325	4	1	5
OG0000326	4	1	5
OG0000327	5	0	5
OG0000328	5	0	5
OG0000329	4	1	5
OG0000330	5	0	5
OG0000331	5	0	5
OG0000332	5	0	5
OG0000333	1	4	5
OG0000334	5	0	5
OG0000335	2	3	5
OG0000336	4	1	5
OG0000337	3	2	5
OG0000338	5	0	5
OG0000339	5	0	5
OG0000340	5	0	5
OG0000341	5	0	5
OG0000342	5	0	5
OG0000343	1	4	5
OG0000344	2	3	5
OG0000345	3	2	5
OG0000346	4	1	5
OG0000347	2	3	5
OG0000348	1	4	5
OG0000349	5	0	5
OG0000350	5	0	5
OG0000351	1	4	5
OG0000352	1	4	5
OG0000353	1	4	5
OG0000354	0	5	5
OG0000355	0	5	5
OG0000356	0	5	5
OG0000357	0	5	5
OG0000358	0	5	5
OG0000359	0	5	5
OG0000360	0	5	5
OG0000361	0	5	5
OG0000362	0	5	5
OG0000363	0	5	5
OG0000364	0	5	5
OG0000365	0	5	5
OG0000366	0	5	5
OG0000367	0	5	5
OG0000368	0	5	5
OG0000369	0	5	5
OG0000370	0	5	5
OG0000371	0	5	5
OG0000372	0	5	5
OG0000373	0	5	5
OG0000374	0	5	5
OG0000375	0	5	5
OG0000376	0	5	5
OG0000377	0	5	5
OG0000378	0	5	5
OG0000379	0	5	5
OG0000380	0	5	5
OG0000381	0	5	5
OG0000382	0	5	5
OG0000383	0	5	5
OG0000384	0	5	5
OG0000385	4	0	4
OG0000386	4	0	4
OG0000387	4	0	4
OG0000388	4	0	4
OG0000389	4	0	4
OG0000390	4	0	4
OG0000391	3	1	4
OG0000392	1	3	4
OG0000393	4	0	4
OG0000394	4	0	4
OG0000395	4	0	4
OG0000396	4	0	4
OG0000397	4	0	4
OG0000398	4	0	4
OG0000399	4	0	4
OG0000400	3	1	4
OG0000401	4	0	4
OG0000402	2	2	4
OG0000403	4	0	4
OG0000404	4	0	4
OG0000405	4	0	4
OG0000406	4	0	4
OG0000407	4	0	4
OG0000408	4	0	4
OG0000409	3	1	4
OG0000410	4	0	4
OG0000411	2	2	4
OG0000412	4	0	4
OG0000413	4	0	4
OG0000414	4	0	4
OG0000415	3	1	4
OG0000416	4	0	4
OG0000417	4	0	4
OG0000418	3	1	4
OG0000419	3	1	4
OG0000420	2	2	4
OG0000421	2	2	4
OG0000422	4	0	4
OG0000423	4	0	4
OG0000424	4	0	4
OG0000425	4	0	4
OG0000426	2	2	4
OG0000427	1	3	4
OG0000428	4	0	4
OG0000429	3	1	4
OG0000430	4	0	4
OG0000431	4	0	4
OG0000432	3	1	4
OG0000433	3	1	4
OG0000434	3	1	4
OG0000435	3	1	4
OG0000436	4	0	4
OG0000437	2	2	4
OG0000438	4	0	4
OG0000439	2	2	4
OG0000440	4	0	4
OG0000441	3	1	4
OG0000442	3	1	4
OG0000443	1	3	4
OG0000444	2	2	4
OG0000445	3	1	4
OG0000446	2	2	4
OG0000447	4	0	4
OG0000448	4	0	4
OG0000449	4	0	4
OG0000450	2	2	4
OG0000451	4	0	4
OG0000452	3	1	4
OG0000453	4	0	4
OG0000454	3	1	4
OG0000455	4	0	4
OG0000456	4	0	4
OG0000457	1	3	4
OG0000458	2	2	4
OG0000459	4	0	4
OG0000460	3	1	4
OG0000461	4	0	4
OG0000462	2	2	4
OG0000463	2	2	4
OG0000464	4	0	4
OG0000465	3	1	4
OG0000466	4	0	4
OG0000467	4	0	4
OG0000468	4	0	4
OG0000469	4	0	4
OG0000470	4	0	4
OG0000471	4	0	4
OG0000472	4	0	4
OG0000473	2	2	4
OG0000474	4	0	4
OG0000475	4	0	4
OG0000476	4	0	4
OG0000477	4	0	4
OG0000478	4	0	4
OG0000479	4	0	4
OG0000480	4	0	4
OG0000481	3	1	4
OG0000482	3	1	4
OG0000483	4	0	4
OG0000484	1	3	4
OG0000485	4	0	4
OG0000486	3	1	4
OG0000487	4	0	4
OG0000488	2	2	4
OG0000489	3	1	4
OG0000490	4	0	4
OG0000491	2	2	4
OG0000492	4	0	4
OG0000493	4	0	4
OG0000494	2	2	4
OG0000495	4	0	4
OG0000496	4	0	4
OG0000497	4	0	4
OG0000498	3	1	4
OG0000499	4	0	4
OG0000500	4	0	4
OG0000501	4	0	4
OG0000502	4	0	4
OG0000503	3	1	4
OG0000504	3	1	4
OG0000505	3	1	4
OG0000506	3	1	4
OG0000507	4	0	4
OG0000508	3	1	4
OG0000509	3	1	4
OG0000510	2	2	4
OG0000511	1	3	4
OG0000512	3	1	4
OG0000513	1	3	4
OG0000514	3	1	4
OG0000515	4	0	4
OG0000516	4	0	4
OG0000517	3	1	4
OG0000518	3	1	4
OG0000519	3	1	4
OG0000520	3	1	4
OG0000521	4	0	4
OG0000522	4	0	4
OG0000523	4	0	4
OG0000524	4	0	4
OG0000525	3	1	4
OG0000526	2	2	4
OG0000527	3	1	4
OG0000528	4	0	4
OG0000529	4	0	4
OG0000530	2	2	4
OG0000531	3	1	4
OG0000532	4	0	4
OG0000533	4	0	4
OG0000534	3	1	4
OG0000535	2	2	4
OG0000536	4	0	4
OG0000537	2	2	4
OG0000538	4	0	4
OG0000539	2	2	4
OG0000540	1	3	4
OG0000541	4	0	4
OG0000542	3	1	4
OG0000543	3	1	4
OG0000544	4	0	4
OG0000545	3	1	4
OG0000546	4	0	4
OG0000547	3	1	4
OG0000548	2	2	4
OG0000549	3	1	4
OG0000550	4	0	4
OG0000551	3	1	4
OG0000552	1	3	4
OG0000553	4	0	4
OG0000554	4	0	4
OG0000555	4	0	4
OG0000556	3	1	4
OG0000557	4	0	4
OG0000558	4	0	4
OG0000559	2	2	4
OG0000560	4	0	4
OG0000561	1	3	4
OG0000562	3	1	4
OG0000563	1	3	4
OG0000564	4	0	4
OG0000565	4	0	4
OG0000566	4	0	4
OG0000567	2	2	4
OG0000568	4	0	4
OG0000569	2	2	4
OG0000570	1	3	4
OG0000571	4	0	4
OG0000572	4	0	4
OG0000573	1	3	4
OG0000574	2	2	4
OG0000575	1	3	4
OG0000576	1	3	4
OG0000577	1	3	4
OG0000578	1	3	4
OG0000579	1	3	4
OG0000580	0	4	4
OG0000581	0	4	4
OG0000582	0	4	4
OG0000583	0	4	4
OG0000584	0	4	4
OG0000585	0	4	4
OG0000586	0	4	4
OG0000587	0	4	4
OG0000588	0	4	4
OG0000589	0	4	4
OG0000590	0	4	4
OG0000591	0	4	4
OG0000592	0	4	4
OG0000593	0	4	4
OG0000594	0	4	4
OG0000595	0	4	4
OG0000596	0	4	4
OG0000597	0	4	4
OG0000598	0	4	4
OG0000599	0	4	4
OG0000600	0	4	4
OG0000601	0	4	4
OG0000602	0	4	4
OG0000603	0	4	4
OG0000604	0	4	4
OG0000605	0	4	4
OG0000606	0	4	4
OG0000607	0	4	4
OG0000608	0	4	4
OG0000609	0	4	4
OG0000610	0	4	4
OG0000611	0	4	4
OG0000612	0	4	4
OG0000613	0	4	4
OG0000614	0	4	4
OG0000615	0	4	4
OG0000616	0	4	4
OG0000617	0	4	4
OG0000618	0	4	4
OG0000619	2	1	3
OG0000620	3	0	3
OG0000621	3	0	3
OG0000622	3	0	3
OG0000623	3	0	3
OG0000624	2	1	3
OG0000625	3	0	3
OG0000626	2	1	3
OG0000627	2	1	3
OG0000628	3	0	3
OG0000629	3	0	3
OG0000630	3	0	3
OG0000631	2	1	3
OG0000632	3	0	3
OG0000633	2	1	3
OG0000634	2	1	3
OG0000635	2	1	3
OG0000636	2	1	3
OG0000637	2	1	3
OG0000638	3	0	3
OG0000639	3	0	3
OG0000640	1	2	3
OG0000641	3	0	3
OG0000642	3	0	3
OG0000643	2	1	3
OG0000644	3	0	3
OG0000645	3	0	3
OG0000646	3	0	3
OG0000647	3	0	3
OG0000648	2	1	3
OG0000649	2	1	3
OG0000650	3	0	3
OG0000651	2	1	3
OG0000652	1	2	3
OG0000653	3	0	3
OG0000654	3	0	3
OG0000655	2	1	3
OG0000656	1	2	3
OG0000657	1	2	3
OG0000658	2	1	3
OG0000659	2	1	3
OG0000660	2	1	3
OG0000661	3	0	3
OG0000662	2	1	3
OG0000663	2	1	3
OG0000664	2	1	3
OG0000665	3	0	3
OG0000666	2	1	3
OG0000667	3	0	3
OG0000668	3	0	3
OG0000669	3	0	3
OG0000670	3	0	3
OG0000671	1	2	3
OG0000672	3	0	3
OG0000673	2	1	3
OG0000674	3	0	3
OG0000675	1	2	3
OG0000676	3	0	3
OG0000677	1	2	3
OG0000678	3	0	3
OG0000679	3	0	3
OG0000680	3	0	3
OG0000681	3	0	3
OG0000682	1	2	3
OG0000683	3	0	3
OG0000684	3	0	3
OG0000685	1	2	3
OG0000686	2	1	3
OG0000687	1	2	3
OG0000688	3	0	3
OG0000689	2	1	3
OG0000690	2	1	3
OG0000691	3	0	3
OG0000692	3	0	3
OG0000693	1	2	3
OG0000694	3	0	3
OG0000695	3	0	3
OG0000696	3	0	3
OG0000697	3	0	3
OG0000698	3	0	3
OG0000699	3	0	3
OG0000700	3	0	3
OG0000701	2	1	3
OG0000702	2	1	3
OG0000703	2	1	3
OG0000704	1	2	3
OG0000705	3	0	3
OG0000706	2	1	3
OG0000707	3	0	3
OG0000708	3	0	3
OG0000709	2	1	3
OG0000710	2	1	3
OG0000711	3	0	3
OG0000712	3	0	3
OG0000713	3	0	3
OG0000714	2	1	3
OG0000715	3	0	3
OG0000716	1	2	3
OG0000717	3	0	3
OG0000718	2	1	3
OG0000719	2	1	3
OG0000720	2	1	3
OG0000721	2	1	3
OG0000722	2	1	3
OG0000723	3	0	3
OG0000724	3	0	3
OG0000725	2	1	3
OG0000726	2	1	3
OG0000727	3	0	3
OG0000728	3	0	3
OG0000729	3	0	3
OG0000730	3	0	3
OG0000731	1	2	3
OG0000732	2	1	3
OG0000733	2	1	3
OG0000734	3	0	3
OG0000735	1	2	3
OG0000736	2	1	3
OG0000737	3	0	3
OG0000738	3	0	3
OG0000739	3	0	3
OG0000740	3	0	3
OG0000741	3	0	3
OG0000742	2	1	3
OG0000743	3	0	3
OG0000744	3	0	3
OG0000745	3	0	3
OG0000746	3	0	3
OG0000747	3	0	3
OG0000748	3	0	3
OG0000749	1	2	3
OG0000750	3	0	3
OG0000751	3	0	3
OG0000752	1	2	3
OG0000753	3	0	3
OG0000754	3	0	3
OG0000755	3	0	3
OG0000756	3	0	3
OG0000757	1	2	3
OG0000758	3	0	3
OG0000759	3	0	3
OG0000760	3	0	3
OG0000761	3	0	3
OG0000762	3	0	3
OG0000763	2	1	3
OG0000764	3	0	3
OG0000765	1	2	3
OG0000766	3	0	3
OG0000767	3	0	3
OG0000768	2	1	3
OG0000769	3	0	3
OG0000770	3	0	3
OG0000771	3	0	3
OG0000772	1	2	3
OG0000773	1	2	3
OG0000774	3	0	3
OG0000775	3	0	3
OG0000776	2	1	3
OG0000777	2	1	3
OG0000778	2	1	3
OG0000779	2	1	3
OG0000780	3	0	3
OG0000781	3	0	3
OG0000782	2	1	3
OG0000783	3	0	3
OG0000784	3	0	3
OG0000785	3	0	3
OG0000786	2	1	3
OG0000787	3	0	3
OG0000788	3	0	3
OG0000789	3	0	3
OG0000790	2	1	3
OG0000791	3	0	3
OG0000792	1	2	3
OG0000793	3	0	3
OG0000794	2	1	3
OG0000795	3	0	3
OG0000796	3	0	3
OG0000797	1	2	3
OG0000798	3	0	3
OG0000799	2	1	3
OG0000800	3	0	3
OG0000801	3	0	3
OG0000802	1	2	3
OG0000803	2	1	3
OG0000804	2	1	3
OG0000805	3	0	3
OG0000806	3	0	3
OG0000807	2	1	3
OG0000808	1	2	3
OG0000809	2	1	3
OG0000810	2	1	3
OG0000811	1	2	3
OG0000812	3	0	3
OG0000813	3	0	3
OG0000814	2	1	3
OG0000815	3	0	3
OG0000816	2	1	3
OG0000817	2	1	3
OG0000818	3	0	3
OG0000819	1	2	3
OG0000820	3	0	3
OG0000821	1	2	3
OG0000822	1	2	3
OG0000823	1	2	3
OG0000824	3	0	3
OG0000825	3	0	3
OG0000826	3	0	3
OG0000827	3	0	3
OG0000828	3	0	3
OG0000829	1	2	3
OG0000830	3	0	3
OG0000831	2	1	3
OG0000832	1	2	3
OG0000833	1	2	3
OG0000834	3	0	3
OG0000835	3	0	3
OG0000836	2	1	3
OG0000837	1	2	3
OG0000838	2	1	3
OG0000839	3	0	3
OG0000840	3	0	3
OG0000841	3	0	3
OG0000842	3	0	3
OG0000843	2	1	3
OG0000844	1	2	3
OG0000845	3	0	3
OG0000846	2	1	3
OG0000847	3	0	3
OG0000848	2	1	3
OG0000849	3	0	3
OG0000850	2	1	3
OG0000851	1	2	3
OG0000852	3	0	3
OG0000853	3	0	3
OG0000854	3	0	3
OG0000855	2	1	3
OG0000856	2	1	3
OG0000857	2	1	3
OG0000858	2	1	3
OG0000859	3	0	3
OG0000860	3	0	3
OG0000861	2	1	3
OG0000862	2	1	3
OG0000863	2	1	3
OG0000864	1	2	3
OG0000865	1	2	3
OG0000866	3	0	3
OG0000867	2	1	3
OG0000868	3	0	3
OG0000869	2	1	3
OG0000870	3	0	3
OG0000871	3	0	3
OG0000872	3	0	3
OG0000873	3	0	3
OG0000874	2	1	3
OG0000875	2	1	3
OG0000876	3	0	3
OG0000877	3	0	3
OG0000878	3	0	3
OG0000879	1	2	3
OG0000880	1	2	3
OG0000881	1	2	3
OG0000882	3	0	3
OG0000883	1	2	3
OG0000884	2	1	3
OG0000885	2	1	3
OG0000886	3	0	3
OG0000887	3	0	3
OG0000888	2	1	3
OG0000889	1	2	3
OG0000890	1	2	3
OG0000891	2	1	3
OG0000892	3	0	3
OG0000893	2	1	3
OG0000894	3	0	3
OG0000895	2	1	3
OG0000896	3	0	3
OG0000897	2	1	3
OG0000898	3	0	3
OG0000899	1	2	3
OG0000900	2	1	3
OG0000901	1	2	3
OG0000902	2	1	3
OG0000903	3	0	3
OG0000904	2	1	3
OG0000905	1	2	3
OG0000906	2	1	3
OG0000907	2	1	3
OG0000908	2	1	3
OG0000909	3	0	3
OG0000910	2	1	3
OG0000911	3	0	3
OG0000912	3	0	3
OG0000913	2	1	3
OG0000914	1	2	3
OG0000915	2	1	3
OG0000916	2	1	3
OG0000917	2	1	3
OG0000918	3	0	3
OG0000919	1	2	3
OG0000920	3	0	3
OG0000921	2	1	3
OG0000922	3	0	3
OG0000923	3	0	3
OG0000924	1	2	3
OG0000925	2	1	3
OG0000926	2	1	3
OG0000927	2	1	3
OG0000928	3	0	3
OG0000929	3	0	3
OG0000930	3	0	3
OG0000931	3	0	3
OG0000932	2	1	3
OG0000933	2	1	3
OG0000934	3	0	3
OG0000935	2	1	3
OG0000936	2	1	3
OG0000937	2	1	3
OG0000938	3	0	3
OG0000939	2	1	3
OG0000940	1	2	3
OG0000941	3	0	3
OG0000942	3	0	3
OG0000943	3	0	3
OG0000944	1	2	3
OG0000945	2	1	3
OG0000946	1	2	3
OG0000947	1	2	3
OG0000948	2	1	3
OG0000949	2	1	3
OG0000950	2	1	3
OG0000951	3	0	3
OG0000952	1	2	3
OG0000953	3	0	3
OG0000954	1	2	3
OG0000955	1	2	3
OG0000956	2	1	3
OG0000957	3	0	3
OG0000958	3	0	3
OG0000959	3	0	3
OG0000960	3	0	3
OG0000961	3	0	3
OG0000962	3	0	3
OG0000963	2	1	3
OG0000964	3	0	3
OG0000965	3	0	3
OG0000966	3	0	3
OG0000967	1	2	3
OG0000968	3	0	3
OG0000969	1	2	3
OG0000970	1	2	3
OG0000971	3	0	3
OG0000972	2	1	3
OG0000973	1	2	3
OG0000974	1	2	3
OG0000975	1	2	3
OG0000976	1	2	3
OG0000977	2	1	3
OG0000978	2	1	3
OG0000979	1	2	3
OG0000980	2	1	3
OG0000981	2	1	3
OG0000982	1	2	3
OG0000983	3	0	3
OG0000984	2	1	3
OG0000985	3	0	3
OG0000986	1	2	3
OG0000987	1	2	3
OG0000988	3	0	3
OG0000989	1	2	3
OG0000990	2	1	3
OG0000991	2	1	3
OG0000992	2	1	3
OG0000993	3	0	3
OG0000994	3	0	3
OG0000995	3	0	3
OG0000996	1	2	3
OG0000997	3	0	3
OG0000998	2	1	3
OG0000999	3	0	3
OG0001000	2	1	3
OG0001001	3	0	3
OG0001002	3	0	3
OG0001003	2	1	3
OG0001004	1	2	3
OG0001005	2	1	3
OG0001006	2	1	3
OG0001007	1	2	3
OG0001008	2	1	3
OG0001009	1	2	3
OG0001010	1	2	3
OG0001011	2	1	3
OG0001012	3	0	3
OG0001013	2	1	3
OG0001014	2	1	3
OG0001015	2	1	3
OG0001016	1	2	3
OG0001017	2	1	3
OG0001018	1	2	3
OG0001019	1	2	3
OG0001020	2	1	3
OG0001021	2	1	3
OG0001022	3	0	3
OG0001023	3	0	3
OG0001024	2	1	3
OG0001025	3	0	3
OG0001026	2	1	3
OG0001027	2	1	3
OG0001028	2	1	3
OG0001029	1	2	3
OG0001030	3	0	3
OG0001031	1	2	3
OG0001032	3	0	3
OG0001033	1	2	3
OG0001034	2	1	3
OG0001035	3	0	3
OG0001036	3	0	3
OG0001037	2	1	3
OG0001038	3	0	3
OG0001039	2	1	3
OG0001040	3	0	3
OG0001041	2	1	3
OG0001042	1	2	3
OG0001043	2	1	3
OG0001044	1	2	3
OG0001045	1	2	3
OG0001046	1	2	3
OG0001047	3	0	3
OG0001048	2	1	3
OG0001049	3	0	3
OG0001050	3	0	3
OG0001051	2	1	3
OG0001052	3	0	3
OG0001053	3	0	3
OG0001054	3	0	3
OG0001055	1	2	3
OG0001056	3	0	3
OG0001057	3	0	3
OG0001058	3	0	3
OG0001059	3	0	3
OG0001060	3	0	3
OG0001061	1	2	3
OG0001062	2	1	3
OG0001063	1	2	3
OG0001064	1	2	3
OG0001065	2	1	3
OG0001066	2	1	3
OG0001067	2	1	3
OG0001068	1	2	3
OG0001069	3	0	3
OG0001070	2	1	3
OG0001071	2	1	3
OG0001072	1	2	3
OG0001073	1	2	3
OG0001074	2	1	3
OG0001075	1	2	3
OG0001076	1	2	3
OG0001077	2	1	3
OG0001078	2	1	3
OG0001079	2	1	3
OG0001080	1	2	3
OG0001081	1	2	3
OG0001082	1	2	3
OG0001083	2	1	3
OG0001084	2	1	3
OG0001085	2	1	3
OG0001086	1	2	3
OG0001087	1	2	3
OG0001088	2	1	3
OG0001089	1	2	3
OG0001090	1	2	3
OG0001091	1	2	3
OG0001092	3	0	3
OG0001093	1	2	3
OG0001094	1	2	3
OG0001095	2	1	3
OG0001096	1	2	3
OG0001097	2	1	3
OG0001098	1	2	3
OG0001099	1	2	3
OG0001100	2	1	3
OG0001101	1	2	3
OG0001102	1	2	3
OG0001103	3	0	3
OG0001104	1	2	3
OG0001105	1	2	3
OG0001106	1	2	3
OG0001107	1	2	3
OG0001108	2	1	3
OG0001109	1	2	3
OG0001110	2	1	3
OG0001111	2	1	3
OG0001112	2	1	3
OG0001113	1	2	3
OG0001114	1	2	3
OG0001115	2	1	3
OG0001116	2	1	3
OG0001117	2	1	3
OG0001118	1	2	3
OG0001119	1	2	3
OG0001120	2	1	3
OG0001121	1	2	3
OG0001122	1	2	3
OG0001123	2	1	3
OG0001124	1	2	3
OG0001125	1	2	3
OG0001126	1	2	3
OG0001127	1	2	3
OG0001128	1	2	3
OG0001129	1	2	3
OG0001130	2	1	3
OG0001131	1	2	3
OG0001132	1	2	3
OG0001133	1	2	3
OG0001134	1	2	3
OG0001135	2	1	3
OG0001136	3	0	3
OG0001137	1	2	3
OG0001138	1	2	3
OG0001139	1	2	3
OG0001140	1	2	3
OG0001141	1	2	3
OG0001142	1	2	3
OG0001143	0	3	3
OG0001144	0	3	3
OG0001145	0	3	3
OG0001146	0	3	3
OG0001147	0	3	3
OG0001148	0	3	3
OG0001149	0	3	3
OG0001150	0	3	3
OG0001151	0	3	3
OG0001152	0	3	3
OG0001153	0	3	3
OG0001154	0	3	3
OG0001155	0	3	3
OG0001156	0	3	3
OG0001157	0	3	3
OG0001158	0	3	3
OG0001159	0	3	3
OG0001160	0	3	3
OG0001161	0	3	3
OG0001162	0	3	3
OG0001163	0	3	3
OG0001164	0	3	3
OG0001165	0	3	3
OG0001166	0	3	3
OG0001167	0	3	3
OG0001168	0	3	3
OG0001169	0	3	3
OG0001170	0	3	3
OG0001171	0	3	3
OG0001172	0	3	3
OG0001173	0	3	3
OG0001174	0	3	3
OG0001175	0	3	3
OG0001176	0	3	3
OG0001177	0	3	3
OG0001178	0	3	3
OG0001179	0	3	3
OG0001180	0	3	3
OG0001181	0	3	3
OG0001182	0	3	3
OG0001183	0	3	3
OG0001184	0	3	3
OG0001185	0	3	3
OG0001186	0	3	3
OG0001187	0	3	3
OG0001188	0	3	3
OG0001189	0	3	3
OG0001190	0	3	3
OG0001191	0	3	3
OG0001192	0	3	3
OG0001193	0	3	3
OG0001194	0	3	3
OG0001195	0	3	3
OG0001196	0	3	3
OG0001197	0	3	3
OG0001198	0	3	3
OG0001199	0	3	3
OG0001200	0	3	3
OG0001201	0	3	3
OG0001202	0	3	3
OG0001203	0	3	3
OG0001204	0	3	3
OG0001205	0	3	3
OG0001206	0	3	3
OG0001207	0	3	3
OG0001208	0	3	3
OG0001209	0	3	3
OG0001210	0	3	3
OG0001211	0	3	3
OG0001212	0	3	3
OG0001213	0	3	3
OG0001214	0	3	3
OG0001215	0	3	3
OG0001216	0	3	3
OG0001217	0	3	3
OG0001218	0	3	3
OG0001219	0	3	3
OG0001220	0	3	3
OG0001221	0	3	3
OG0001222	0	3	3
OG0001223	0	3	3
OG0001224	0	3	3
OG0001225	0	3	3
OG0001226	0	3	3
OG0001227	0	3	3
OG0001228	0	3	3
OG0001229	0	3	3
OG0001230	0	3	3
OG0001231	0	3	3
OG0001232	0	3	3
OG0001233	0	3	3
OG0001234	0	3	3
OG0001235	0	3	3
OG0001236	0	3	3
OG0001237	0	3	3
OG0001238	0	3	3
OG0001239	0	3	3
OG0001240	0	3	3
OG0001241	0	3	3
OG0001242	0	3	3
OG0001243	0	3	3
OG0001244	0	3	3
OG0001245	0	3	3
OG0001246	0	3	3
OG0001247	0	3	3
OG0001248	0	3	3
OG0001249	0	3	3
OG0001250	0	3	3
OG0001251	0	3	3
OG0001252	0	3	3
OG0001253	0	3	3
OG0001254	0	3	3
OG0001255	0	3	3
OG0001256	0	3	3
OG0001257	0	3	3
OG0001258	0	3	3
OG0001259	0	3	3
OG0001260	0	3	3
OG0001261	0	3	3
OG0001262	0	3	3
OG0001263	0	3	3
OG0001264	0	3	3
OG0001265	0	3	3
OG0001266	0	3	3
OG0001267	0	3	3
OG0001268	0	3	3
OG0001269	0	3	3
OG0001270	0	3	3
OG0001271	0	3	3
OG0001272	0	3	3
OG0001273	0	3	3
OG0001274	0	3	3
OG0001275	0	3	3
OG0001276	0	3	3
OG0001277	0	3	3
OG0001278	0	3	3
OG0001279	2	0	2
OG0001280	1	1	2
OG0001281	1	1	2
OG0001282	2	0	2
OG0001283	1	1	2
OG0001284	1	1	2
OG0001285	2	0	2
OG0001286	2	0	2
OG0001287	1	1	2
OG0001288	1	1	2
OG0001289	1	1	2
OG0001290	1	1	2
OG0001291	2	0	2
OG0001292	2	0	2
OG0001293	1	1	2
OG0001294	1	1	2
OG0001295	2	0	2
OG0001296	2	0	2
OG0001297	2	0	2
OG0001298	2	0	2
OG0001299	1	1	2
OG0001300	1	1	2
OG0001301	1	1	2
OG0001302	2	0	2
OG0001303	1	1	2
OG0001304	1	1	2
OG0001305	1	1	2
OG0001306	2	0	2
OG0001307	2	0	2
OG0001308	1	1	2
OG0001309	1	1	2
OG0001310	2	0	2
OG0001311	2	0	2
OG0001312	2	0	2
OG0001313	2	0	2
OG0001314	1	1	2
OG0001315	2	0	2
OG0001316	1	1	2
OG0001317	1	1	2
OG0001318	2	0	2
OG0001319	1	1	2
OG0001320	1	1	2
OG0001321	2	0	2
OG0001322	2	0	2
OG0001323	1	1	2
OG0001324	2	0	2
OG0001325	1	1	2
OG0001326	2	0	2
OG0001327	1	1	2
OG0001328	1	1	2
OG0001329	2	0	2
OG0001330	1	1	2
OG0001331	1	1	2
OG0001332	1	1	2
OG0001333	2	0	2
OG0001334	2	0	2
OG0001335	2	0	2
OG0001336	2	0	2
OG0001337	1	1	2
OG0001338	2	0	2
OG0001339	1	1	2
OG0001340	2	0	2
OG0001341	2	0	2
OG0001342	2	0	2
OG0001343	2	0	2
OG0001344	1	1	2
OG0001345	2	0	2
OG0001346	2	0	2
OG0001347	2	0	2
OG0001348	2	0	2
OG0001349	1	1	2
OG0001350	2	0	2
OG0001351	2	0	2
OG0001352	1	1	2
OG0001353	1	1	2
OG0001354	2	0	2
OG0001355	1	1	2
OG0001356	1	1	2
OG0001357	1	1	2
OG0001358	2	0	2
OG0001359	1	1	2
OG0001360	2	0	2
OG0001361	2	0	2
OG0001362	1	1	2
OG0001363	2	0	2
OG0001364	2	0	2
OG0001365	2	0	2
OG0001366	2	0	2
OG0001367	2	0	2
OG0001368	2	0	2
OG0001369	1	1	2
OG0001370	2	0	2
OG0001371	1	1	2
OG0001372	2	0	2
OG0001373	1	1	2
OG0001374	1	1	2
OG0001375	1	1	2
OG0001376	1	1	2
OG0001377	2	0	2
OG0001378	1	1	2
OG0001379	1	1	2
OG0001380	2	0	2
OG0001381	2	0	2
OG0001382	1	1	2
OG0001383	1	1	2
OG0001384	2	0	2
OG0001385	1	1	2
OG0001386	1	1	2
OG0001387	2	0	2
OG0001388	2	0	2
OG0001389	1	1	2
OG0001390	1	1	2
OG0001391	1	1	2
OG0001392	1	1	2
OG0001393	2	0	2
OG0001394	1	1	2
OG0001395	1	1	2
OG0001396	1	1	2
OG0001397	1	1	2
OG0001398	1	1	2
OG0001399	2	0	2
OG0001400	2	0	2
OG0001401	1	1	2
OG0001402	1	1	2
OG0001403	2	0	2
OG0001404	2	0	2
OG0001405	1	1	2
OG0001406	1	1	2
OG0001407	2	0	2
OG0001408	1	1	2
OG0001409	1	1	2
OG0001410	2	0	2
OG0001411	2	0	2
OG0001412	1	1	2
OG0001413	2	0	2
OG0001414	1	1	2
OG0001415	2	0	2
OG0001416	1	1	2
OG0001417	1	1	2
OG0001418	2	0	2
OG0001419	1	1	2
OG0001420	1	1	2
OG0001421	2	0	2
OG0001422	2	0	2
OG0001423	2	0	2
OG0001424	1	1	2
OG0001425	2	0	2
OG0001426	1	1	2
OG0001427	2	0	2
OG0001428	1	1	2
OG0001429	1	1	2
OG0001430	2	0	2
OG0001431	1	1	2
OG0001432	2	0	2
OG0001433	1	1	2
OG0001434	2	0	2
OG0001435	2	0	2
OG0001436	2	0	2
OG0001437	2	0	2
OG0001438	2	0	2
OG0001439	2	0	2
OG0001440	2	0	2
OG0001441	1	1	2
OG0001442	1	1	2
OG0001443	1	1	2
OG0001444	1	1	2
OG0001445	1	1	2
OG0001446	2	0	2
OG0001447	2	0	2
OG0001448	1	1	2
OG0001449	2	0	2
OG0001450	2	0	2
OG0001451	1	1	2
OG0001452	2	0	2
OG0001453	2	0	2
OG0001454	1	1	2
OG0001455	1	1	2
OG0001456	1	1	2
OG0001457	1	1	2
OG0001458	1	1	2
OG0001459	1	1	2
OG0001460	1	1	2
OG0001461	2	0	2
OG0001462	1	1	2
OG0001463	2	0	2
OG0001464	1	1	2
OG0001465	1	1	2
OG0001466	2	0	2
OG0001467	1	1	2
OG0001468	2	0	2
OG0001469	1	1	2
OG0001470	2	0	2
OG0001471	2	0	2
OG0001472	1	1	2
OG0001473	1	1	2
OG0001474	1	1	2
OG0001475	1	1	2
OG0001476	2	0	2
OG0001477	1	1	2
OG0001478	1	1	2
OG0001479	1	1	2
OG0001480	2	0	2
OG0001481	2	0	2
OG0001482	2	0	2
OG0001483	2	0	2
OG0001484	2	0	2
OG0001485	1	1	2
OG0001486	1	1	2
OG0001487	2	0	2
OG0001488	1	1	2
OG0001489	1	1	2
OG0001490	1	1	2
OG0001491	2	0	2
OG0001492	1	1	2
OG0001493	1	1	2
OG0001494	1	1	2
OG0001495	2	0	2
OG0001496	1	1	2
OG0001497	1	1	2
OG0001498	2	0	2
OG0001499	1	1	2
OG0001500	1	1	2
OG0001501	2	0	2
OG0001502	1	1	2
OG0001503	2	0	2
OG0001504	2	0	2
OG0001505	1	1	2
OG0001506	1	1	2
OG0001507	1	1	2
OG0001508	2	0	2
OG0001509	1	1	2
OG0001510	2	0	2
OG0001511	2	0	2
OG0001512	1	1	2
OG0001513	1	1	2
OG0001514	1	1	2
OG0001515	2	0	2
OG0001516	1	1	2
OG0001517	2	0	2
OG0001518	1	1	2
OG0001519	1	1	2
OG0001520	1	1	2
OG0001521	1	1	2
OG0001522	1	1	2
OG0001523	2	0	2
OG0001524	2	0	2
OG0001525	2	0	2
OG0001526	2	0	2
OG0001527	2	0	2
OG0001528	1	1	2
OG0001529	1	1	2
OG0001530	2	0	2
OG0001531	1	1	2
OG0001532	2	0	2
OG0001533	2	0	2
OG0001534	1	1	2
OG0001535	2	0	2
OG0001536	1	1	2
OG0001537	2	0	2
OG0001538	2	0	2
OG0001539	1	1	2
OG0001540	1	1	2
OG0001541	2	0	2
OG0001542	1	1	2
OG0001543	2	0	2
OG0001544	1	1	2
OG0001545	2	0	2
OG0001546	1	1	2
OG0001547	2	0	2
OG0001548	2	0	2
OG0001549	1	1	2
OG0001550	2	0	2
OG0001551	1	1	2
OG0001552	1	1	2
OG0001553	1	1	2
OG0001554	2	0	2
OG0001555	1	1	2
OG0001556	1	1	2
OG0001557	2	0	2
OG0001558	2	0	2
OG0001559	2	0	2
OG0001560	1	1	2
OG0001561	2	0	2
OG0001562	2	0	2
OG0001563	1	1	2
OG0001564	1	1	2
OG0001565	1	1	2
OG0001566	2	0	2
OG0001567	2	0	2
OG0001568	2	0	2
OG0001569	1	1	2
OG0001570	2	0	2
OG0001571	1	1	2
OG0001572	2	0	2
OG0001573	2	0	2
OG0001574	2	0	2
OG0001575	2	0	2
OG0001576	2	0	2
OG0001577	1	1	2
OG0001578	2	0	2
OG0001579	2	0	2
OG0001580	1	1	2
OG0001581	2	0	2
OG0001582	2	0	2
OG0001583	2	0	2
OG0001584	2	0	2
OG0001585	1	1	2
OG0001586	2	0	2
OG0001587	2	0	2
OG0001588	1	1	2
OG0001589	1	1	2
OG0001590	2	0	2
OG0001591	2	0	2
OG0001592	1	1	2
OG0001593	2	0	2
OG0001594	2	0	2
OG0001595	1	1	2
OG0001596	2	0	2
OG0001597	1	1	2
OG0001598	2	0	2
OG0001599	1	1	2
OG0001600	2	0	2
OG0001601	2	0	2
OG0001602	1	1	2
OG0001603	2	0	2
OG0001604	1	1	2
OG0001605	1	1	2
OG0001606	1	1	2
OG0001607	2	0	2
OG0001608	2	0	2
OG0001609	1	1	2
OG0001610	2	0	2
OG0001611	2	0	2
OG0001612	2	0	2
OG0001613	1	1	2
OG0001614	2	0	2
OG0001615	2	0	2
OG0001616	1	1	2
OG0001617	1	1	2
OG0001618	2	0	2
OG0001619	1	1	2
OG0001620	2	0	2
OG0001621	1	1	2
OG0001622	1	1	2
OG0001623	1	1	2
OG0001624	1	1	2
OG0001625	1	1	2
OG0001626	2	0	2
OG0001627	1	1	2
OG0001628	2	0	2
OG0001629	1	1	2
OG0001630	2	0	2
OG0001631	1	1	2
OG0001632	2	0	2
OG0001633	2	0	2
OG0001634	1	1	2
OG0001635	1	1	2
OG0001636	2	0	2
OG0001637	1	1	2
OG0001638	1	1	2
OG0001639	1	1	2
OG0001640	1	1	2
OG0001641	2	0	2
OG0001642	1	1	2
OG0001643	2	0	2
OG0001644	1	1	2
OG0001645	1	1	2
OG0001646	1	1	2
OG0001647	2	0	2
OG0001648	1	1	2
OG0001649	1	1	2
OG0001650	2	0	2
OG0001651	1	1	2
OG0001652	1	1	2
OG0001653	1	1	2
OG0001654	2	0	2
OG0001655	2	0	2
OG0001656	2	0	2
OG0001657	2	0	2
OG0001658	2	0	2
OG0001659	2	0	2
OG0001660	2	0	2
OG0001661	1	1	2
OG0001662	1	1	2
OG0001663	1	1	2
OG0001664	1	1	2
OG0001665	2	0	2
OG0001666	2	0	2
OG0001667	2	0	2
OG0001668	1	1	2
OG0001669	1	1	2
OG0001670	2	0	2
OG0001671	1	1	2
OG0001672	1	1	2
OG0001673	1	1	2
OG0001674	1	1	2
OG0001675	2	0	2
OG0001676	2	0	2
OG0001677	2	0	2
OG0001678	1	1	2
OG0001679	1	1	2
OG0001680	1	1	2
OG0001681	1	1	2
OG0001682	2	0	2
OG0001683	1	1	2
OG0001684	2	0	2
OG0001685	2	0	2
OG0001686	2	0	2
OG0001687	2	0	2
OG0001688	1	1	2
OG0001689	2	0	2
OG0001690	2	0	2
OG0001691	1	1	2
OG0001692	2	0	2
OG0001693	1	1	2
OG0001694	2	0	2
OG0001695	1	1	2
OG0001696	1	1	2
OG0001697	1	1	2
OG0001698	1	1	2
OG0001699	1	1	2
OG0001700	1	1	2
OG0001701	2	0	2
OG0001702	2	0	2
OG0001703	2	0	2
OG0001704	2	0	2
OG0001705	1	1	2
OG0001706	1	1	2
OG0001707	2	0	2
OG0001708	1	1	2
OG0001709	1	1	2
OG0001710	2	0	2
OG0001711	1	1	2
OG0001712	2	0	2
OG0001713	2	0	2
OG0001714	2	0	2
OG0001715	1	1	2
OG0001716	1	1	2
OG0001717	2	0	2
OG0001718	2	0	2
OG0001719	1	1	2
OG0001720	1	1	2
OG0001721	2	0	2
OG0001722	1	1	2
OG0001723	1	1	2
OG0001724	2	0	2
OG0001725	1	1	2
OG0001726	1	1	2
OG0001727	2	0	2
OG0001728	2	0	2
OG0001729	2	0	2
OG0001730	2	0	2
OG0001731	1	1	2
OG0001732	1	1	2
OG0001733	1	1	2
OG0001734	1	1	2
OG0001735	2	0	2
OG0001736	2	0	2
OG0001737	1	1	2
OG0001738	2	0	2
OG0001739	2	0	2
OG0001740	1	1	2
OG0001741	2	0	2
OG0001742	1	1	2
OG0001743	2	0	2
OG0001744	1	1	2
OG0001745	2	0	2
OG0001746	2	0	2
OG0001747	1	1	2
OG0001748	1	1	2
OG0001749	2	0	2
OG0001750	2	0	2
OG0001751	1	1	2
OG0001752	1	1	2
OG0001753	1	1	2
OG0001754	2	0	2
OG0001755	1	1	2
OG0001756	1	1	2
OG0001757	2	0	2
OG0001758	2	0	2
OG0001759	2	0	2
OG0001760	1	1	2
OG0001761	2	0	2
OG0001762	2	0	2
OG0001763	1	1	2
OG0001764	1	1	2
OG0001765	2	0	2
OG0001766	1	1	2
OG0001767	1	1	2
OG0001768	1	1	2
OG0001769	2	0	2
OG0001770	1	1	2
OG0001771	2	0	2
OG0001772	1	1	2
OG0001773	1	1	2
OG0001774	2	0	2
OG0001775	2	0	2
OG0001776	1	1	2
OG0001777	2	0	2
OG0001778	2	0	2
OG0001779	2	0	2
OG0001780	1	1	2
OG0001781	2	0	2
OG0001782	1	1	2
OG0001783	1	1	2
OG0001784	1	1	2
OG0001785	1	1	2
OG0001786	2	0	2
OG0001787	2	0	2
OG0001788	1	1	2
OG0001789	2	0	2
OG0001790	2	0	2
OG0001791	1	1	2
OG0001792	1	1	2
OG0001793	2	0	2
OG0001794	1	1	2
OG0001795	2	0	2
OG0001796	1	1	2
OG0001797	1	1	2
OG0001798	2	0	2
OG0001799	2	0	2
OG0001800	2	0	2
OG0001801	2	0	2
OG0001802	2	0	2
OG0001803	1	1	2
OG0001804	1	1	2
OG0001805	2	0	2
OG0001806	2	0	2
OG0001807	1	1	2
OG0001808	1	1	2
OG0001809	1	1	2
OG0001810	2	0	2
OG0001811	2	0	2
OG0001812	1	1	2
OG0001813	1	1	2
OG0001814	1	1	2
OG0001815	1	1	2
OG0001816	2	0	2
OG0001817	1	1	2
OG0001818	2	0	2
OG0001819	2	0	2
OG0001820	1	1	2
OG0001821	1	1	2
OG0001822	2	0	2
OG0001823	2	0	2
OG0001824	1	1	2
OG0001825	2	0	2
OG0001826	1	1	2
OG0001827	1	1	2
OG0001828	1	1	2
OG0001829	1	1	2
OG0001830	2	0	2
OG0001831	1	1	2
OG0001832	2	0	2
OG0001833	1	1	2
OG0001834	2	0	2
OG0001835	1	1	2
OG0001836	1	1	2
OG0001837	2	0	2
OG0001838	1	1	2
OG0001839	1	1	2
OG0001840	1	1	2
OG0001841	2	0	2
OG0001842	2	0	2
OG0001843	2	0	2
OG0001844	1	1	2
OG0001845	2	0	2
OG0001846	2	0	2
OG0001847	1	1	2
OG0001848	2	0	2
OG0001849	1	1	2
OG0001850	1	1	2
OG0001851	1	1	2
OG0001852	1	1	2
OG0001853	2	0	2
OG0001854	2	0	2
OG0001855	1	1	2
OG0001856	1	1	2
OG0001857	1	1	2
OG0001858	2	0	2
OG0001859	2	0	2
OG0001860	2	0	2
OG0001861	1	1	2
OG0001862	2	0	2
OG0001863	2	0	2
OG0001864	1	1	2
OG0001865	2	0	2
OG0001866	2	0	2
OG0001867	1	1	2
OG0001868	1	1	2
OG0001869	2	0	2
OG0001870	2	0	2
OG0001871	2	0	2
OG0001872	1	1	2
OG0001873	2	0	2
OG0001874	1	1	2
OG0001875	2	0	2
OG0001876	1	1	2
OG0001877	1	1	2
OG0001878	2	0	2
OG0001879	1	1	2
OG0001880	1	1	2
OG0001881	2	0	2
OG0001882	2	0	2
OG0001883	1	1	2
OG0001884	2	0	2
OG0001885	1	1	2
OG0001886	1	1	2
OG0001887	1	1	2
OG0001888	1	1	2
OG0001889	1	1	2
OG0001890	1	1	2
OG0001891	2	0	2
OG0001892	1	1	2
OG0001893	2	0	2
OG0001894	1	1	2
OG0001895	1	1	2
OG0001896	1	1	2
OG0001897	1	1	2
OG0001898	1	1	2
OG0001899	2	0	2
OG0001900	1	1	2
OG0001901	1	1	2
OG0001902	1	1	2
OG0001903	1	1	2
OG0001904	2	0	2
OG0001905	2	0	2
OG0001906	1	1	2
OG0001907	1	1	2
OG0001908	1	1	2
OG0001909	2	0	2
OG0001910	1	1	2
OG0001911	1	1	2
OG0001912	1	1	2
OG0001913	1	1	2
OG0001914	1	1	2
OG0001915	1	1	2
OG0001916	1	1	2
OG0001917	2	0	2
OG0001918	1	1	2
OG0001919	1	1	2
OG0001920	1	1	2
OG0001921	1	1	2
OG0001922	2	0	2
OG0001923	2	0	2
OG0001924	2	0	2
OG0001925	1	1	2
OG0001926	1	1	2
OG0001927	1	1	2
OG0001928	2	0	2
OG0001929	1	1	2
OG0001930	1	1	2
OG0001931	2	0	2
OG0001932	1	1	2
OG0001933	2	0	2
OG0001934	1	1	2
OG0001935	1	1	2
OG0001936	1	1	2
OG0001937	2	0	2
OG0001938	1	1	2
OG0001939	2	0	2
OG0001940	1	1	2
OG0001941	2	0	2
OG0001942	1	1	2
OG0001943	2	0	2
OG0001944	1	1	2
OG0001945	2	0	2
OG0001946	1	1	2
OG0001947	1	1	2
OG0001948	1	1	2
OG0001949	1	1	2
OG0001950	1	1	2
OG0001951	2	0	2
OG0001952	1	1	2
OG0001953	2	0	2
OG0001954	2	0	2
OG0001955	1	1	2
OG0001956	2	0	2
OG0001957	1	1	2
OG0001958	2	0	2
OG0001959	2	0	2
OG0001960	1	1	2
OG0001961	1	1	2
OG0001962	1	1	2
OG0001963	1	1	2
OG0001964	2	0	2
OG0001965	2	0	2
OG0001966	2	0	2
OG0001967	2	0	2
OG0001968	2	0	2
OG0001969	2	0	2
OG0001970	1	1	2
OG0001971	2	0	2
OG0001972	1	1	2
OG0001973	2	0	2
OG0001974	2	0	2
OG0001975	1	1	2
OG0001976	2	0	2
OG0001977	2	0	2
OG0001978	1	1	2
OG0001979	1	1	2
OG0001980	2	0	2
OG0001981	1	1	2
OG0001982	1	1	2
OG0001983	1	1	2
OG0001984	2	0	2
OG0001985	1	1	2
OG0001986	1	1	2
OG0001987	1	1	2
OG0001988	1	1	2
OG0001989	1	1	2
OG0001990	1	1	2
OG0001991	1	1	2
OG0001992	2	0	2
OG0001993	1	1	2
OG0001994	1	1	2
OG0001995	2	0	2
OG0001996	2	0	2
OG0001997	1	1	2
OG0001998	1	1	2
OG0001999	1	1	2
OG0002000	1	1	2
OG0002001	1	1	2
OG0002002	1	1	2
OG0002003	1	1	2
OG0002004	1	1	2
OG0002005	2	0	2
OG0002006	2	0	2
OG0002007	1	1	2
OG0002008	1	1	2
OG0002009	2	0	2
OG0002010	1	1	2
OG0002011	2	0	2
OG0002012	1	1	2
OG0002013	1	1	2
OG0002014	2	0	2
OG0002015	1	1	2
OG0002016	1	1	2
OG0002017	2	0	2
OG0002018	1	1	2
OG0002019	1	1	2
OG0002020	1	1	2
OG0002021	2	0	2
OG0002022	1	1	2
OG0002023	2	0	2
OG0002024	1	1	2
OG0002025	2	0	2
OG0002026	1	1	2
OG0002027	2	0	2
OG0002028	1	1	2
OG0002029	1	1	2
OG0002030	1	1	2
OG0002031	2	0	2
OG0002032	1	1	2
OG0002033	2	0	2
OG0002034	1	1	2
OG0002035	2	0	2
OG0002036	2	0	2
OG0002037	1	1	2
OG0002038	2	0	2
OG0002039	1	1	2
OG0002040	1	1	2
OG0002041	1	1	2
OG0002042	1	1	2
OG0002043	2	0	2
OG0002044	1	1	2
OG0002045	1	1	2
OG0002046	1	1	2
OG0002047	1	1	2
OG0002048	2	0	2
OG0002049	1	1	2
OG0002050	2	0	2
OG0002051	1	1	2
OG0002052	1	1	2
OG0002053	2	0	2
OG0002054	2	0	2
OG0002055	2	0	2
OG0002056	2	0	2
OG0002057	1	1	2
OG0002058	1	1	2
OG0002059	2	0	2
OG0002060	1	1	2
OG0002061	1	1	2
OG0002062	2	0	2
OG0002063	1	1	2
OG0002064	1	1	2
OG0002065	2	0	2
OG0002066	1	1	2
OG0002067	1	1	2
OG0002068	2	0	2
OG0002069	2	0	2
OG0002070	1	1	2
OG0002071	1	1	2
OG0002072	1	1	2
OG0002073	2	0	2
OG0002074	1	1	2
OG0002075	2	0	2
OG0002076	1	1	2
OG0002077	1	1	2
OG0002078	1	1	2
OG0002079	1	1	2
OG0002080	1	1	2
OG0002081	1	1	2
OG0002082	1	1	2
OG0002083	2	0	2
OG0002084	1	1	2
OG0002085	1	1	2
OG0002086	2	0	2
OG0002087	2	0	2
OG0002088	2	0	2
OG0002089	2	0	2
OG0002090	2	0	2
OG0002091	1	1	2
OG0002092	2	0	2
OG0002093	1	1	2
OG0002094	2	0	2
OG0002095	1	1	2
OG0002096	1	1	2
OG0002097	2	0	2
OG0002098	2	0	2
OG0002099	1	1	2
OG0002100	1	1	2
OG0002101	1	1	2
OG0002102	1	1	2
OG0002103	2	0	2
OG0002104	2	0	2
OG0002105	2	0	2
OG0002106	2	0	2
OG0002107	2	0	2
OG0002108	1	1	2
OG0002109	2	0	2
OG0002110	1	1	2
OG0002111	2	0	2
OG0002112	2	0	2
OG0002113	1	1	2
OG0002114	2	0	2
OG0002115	1	1	2
OG0002116	2	0	2
OG0002117	1	1	2
OG0002118	2	0	2
OG0002119	2	0	2
OG0002120	1	1	2
OG0002121	1	1	2
OG0002122	2	0	2
OG0002123	2	0	2
OG0002124	1	1	2
OG0002125	1	1	2
OG0002126	1	1	2
OG0002127	1	1	2
OG0002128	1	1	2
OG0002129	1	1	2
OG0002130	1	1	2
OG0002131	2	0	2
OG0002132	1	1	2
OG0002133	1	1	2
OG0002134	1	1	2
OG0002135	2	0	2
OG0002136	1	1	2
OG0002137	2	0	2
OG0002138	1	1	2
OG0002139	2	0	2
OG0002140	2	0	2
OG0002141	1	1	2
OG0002142	1	1	2
OG0002143	2	0	2
OG0002144	1	1	2
OG0002145	2	0	2
OG0002146	1	1	2
OG0002147	1	1	2
OG0002148	2	0	2
OG0002149	2	0	2
OG0002150	1	1	2
OG0002151	1	1	2
OG0002152	1	1	2
OG0002153	2	0	2
OG0002154	2	0	2
OG0002155	2	0	2
OG0002156	2	0	2
OG0002157	2	0	2
OG0002158	1	1	2
OG0002159	1	1	2
OG0002160	2	0	2
OG0002161	1	1	2
OG0002162	2	0	2
OG0002163	1	1	2
OG0002164	1	1	2
OG0002165	2	0	2
OG0002166	1	1	2
OG0002167	2	0	2
OG0002168	2	0	2
OG0002169	2	0	2
OG0002170	2	0	2
OG0002171	1	1	2
OG0002172	2	0	2
OG0002173	2	0	2
OG0002174	1	1	2
OG0002175	2	0	2
OG0002176	2	0	2
OG0002177	1	1	2
OG0002178	2	0	2
OG0002179	1	1	2
OG0002180	1	1	2
OG0002181	1	1	2
OG0002182	2	0	2
OG0002183	1	1	2
OG0002184	1	1	2
OG0002185	1	1	2
OG0002186	2	0	2
OG0002187	1	1	2
OG0002188	1	1	2
OG0002189	1	1	2
OG0002190	1	1	2
OG0002191	1	1	2
OG0002192	2	0	2
OG0002193	2	0	2
OG0002194	1	1	2
OG0002195	2	0	2
OG0002196	2	0	2
OG0002197	2	0	2
OG0002198	1	1	2
OG0002199	1	1	2
OG0002200	1	1	2
OG0002201	1	1	2
OG0002202	1	1	2
OG0002203	2	0	2
OG0002204	1	1	2
OG0002205	2	0	2
OG0002206	1	1	2
OG0002207	2	0	2
OG0002208	2	0	2
OG0002209	2	0	2
OG0002210	2	0	2
OG0002211	1	1	2
OG0002212	1	1	2
OG0002213	1	1	2
OG0002214	1	1	2
OG0002215	2	0	2
OG0002216	1	1	2
OG0002217	2	0	2
OG0002218	2	0	2
OG0002219	2	0	2
OG0002220	1	1	2
OG0002221	1	1	2
OG0002222	2	0	2
OG0002223	1	1	2
OG0002224	2	0	2
OG0002225	1	1	2
OG0002226	1	1	2
OG0002227	2	0	2
OG0002228	1	1	2
OG0002229	1	1	2
OG0002230	1	1	2
OG0002231	2	0	2
OG0002232	1	1	2
OG0002233	1	1	2
OG0002234	1	1	2
OG0002235	2	0	2
OG0002236	1	1	2
OG0002237	2	0	2
OG0002238	2	0	2
OG0002239	1	1	2
OG0002240	1	1	2
OG0002241	1	1	2
OG0002242	1	1	2
OG0002243	2	0	2
OG0002244	1	1	2
OG0002245	2	0	2
OG0002246	2	0	2
OG0002247	2	0	2
OG0002248	1	1	2
OG0002249	1	1	2
OG0002250	1	1	2
OG0002251	1	1	2
OG0002252	1	1	2
OG0002253	2	0	2
OG0002254	2	0	2
OG0002255	2	0	2
OG0002256	1	1	2
OG0002257	1	1	2
OG0002258	2	0	2
OG0002259	1	1	2
OG0002260	1	1	2
OG0002261	1	1	2
OG0002262	1	1	2
OG0002263	2	0	2
OG0002264	1	1	2
OG0002265	2	0	2
OG0002266	1	1	2
OG0002267	1	1	2
OG0002268	1	1	2
OG0002269	1	1	2
OG0002270	1	1	2
OG0002271	1	1	2
OG0002272	1	1	2
OG0002273	2	0	2
OG0002274	1	1	2
OG0002275	2	0	2
OG0002276	1	1	2
OG0002277	2	0	2
OG0002278	1	1	2
OG0002279	1	1	2
OG0002280	1	1	2
OG0002281	1	1	2
OG0002282	2	0	2
OG0002283	1	1	2
OG0002284	2	0	2
OG0002285	1	1	2
OG0002286	1	1	2
OG0002287	1	1	2
OG0002288	1	1	2
OG0002289	1	1	2
OG0002290	2	0	2
OG0002291	2	0	2
OG0002292	1	1	2
OG0002293	2	0	2
OG0002294	2	0	2
OG0002295	1	1	2
OG0002296	1	1	2
OG0002297	2	0	2
OG0002298	1	1	2
OG0002299	1	1	2
OG0002300	1	1	2
OG0002301	1	1	2
OG0002302	1	1	2
OG0002303	1	1	2
OG0002304	2	0	2
OG0002305	2	0	2
OG0002306	2	0	2
OG0002307	2	0	2
OG0002308	1	1	2
OG0002309	1	1	2
OG0002310	1	1	2
OG0002311	1	1	2
OG0002312	1	1	2
OG0002313	1	1	2
OG0002314	2	0	2
OG0002315	2	0	2
OG0002316	1	1	2
OG0002317	1	1	2
OG0002318	2	0	2
OG0002319	1	1	2
OG0002320	1	1	2
OG0002321	1	1	2
OG0002322	2	0	2
OG0002323	2	0	2
OG0002324	1	1	2
OG0002325	1	1	2
OG0002326	1	1	2
OG0002327	1	1	2
OG0002328	1	1	2
OG0002329	2	0	2
OG0002330	2	0	2
OG0002331	1	1	2
OG0002332	2	0	2
OG0002333	1	1	2
OG0002334	1	1	2
OG0002335	1	1	2
OG0002336	1	1	2
OG0002337	2	0	2
OG0002338	1	1	2
OG0002339	2	0	2
OG0002340	1	1	2
OG0002341	1	1	2
OG0002342	1	1	2
OG0002343	2	0	2
OG0002344	1	1	2
OG0002345	2	0	2
OG0002346	1	1	2
OG0002347	1	1	2
OG0002348	2	0	2
OG0002349	2	0	2
OG0002350	2	0	2
OG0002351	1	1	2
OG0002352	1	1	2
OG0002353	1	1	2
OG0002354	1	1	2
OG0002355	1	1	2
OG0002356	2	0	2
OG0002357	2	0	2
OG0002358	2	0	2
OG0002359	2	0	2
OG0002360	1	1	2
OG0002361	1	1	2
OG0002362	1	1	2
OG0002363	1	1	2
OG0002364	2	0	2
OG0002365	1	1	2
OG0002366	2	0	2
OG0002367	1	1	2
OG0002368	1	1	2
OG0002369	2	0	2
OG0002370	2	0	2
OG0002371	1	1	2
OG0002372	1	1	2
OG0002373	1	1	2
OG0002374	1	1	2
OG0002375	1	1	2
OG0002376	2	0	2
OG0002377	1	1	2
OG0002378	2	0	2
OG0002379	1	1	2
OG0002380	1	1	2
OG0002381	2	0	2
OG0002382	2	0	2
OG0002383	1	1	2
OG0002384	2	0	2
OG0002385	2	0	2
OG0002386	1	1	2
OG0002387	1	1	2
OG0002388	1	1	2
OG0002389	2	0	2
OG0002390	2	0	2
OG0002391	2	0	2
OG0002392	1	1	2
OG0002393	2	0	2
OG0002394	1	1	2
OG0002395	2	0	2
OG0002396	1	1	2
OG0002397	2	0	2
OG0002398	2	0	2
OG0002399	2	0	2
OG0002400	1	1	2
OG0002401	1	1	2
OG0002402	1	1	2
OG0002403	1	1	2
OG0002404	2	0	2
OG0002405	1	1	2
OG0002406	2	0	2
OG0002407	1	1	2
OG0002408	1	1	2
OG0002409	1	1	2
OG0002410	1	1	2
OG0002411	1	1	2
OG0002412	1	1	2
OG0002413	1	1	2
OG0002414	1	1	2
OG0002415	1	1	2
OG0002416	1	1	2
OG0002417	1	1	2
OG0002418	1	1	2
OG0002419	1	1	2
OG0002420	1	1	2
OG0002421	2	0	2
OG0002422	2	0	2
OG0002423	2	0	2
OG0002424	1	1	2
OG0002425	1	1	2
OG0002426	2	0	2
OG0002427	1	1	2
OG0002428	2	0	2
OG0002429	1	1	2
OG0002430	1	1	2
OG0002431	2	0	2
OG0002432	1	1	2
OG0002433	1	1	2
OG0002434	1	1	2
OG0002435	1	1	2
OG0002436	2	0	2
OG0002437	2	0	2
OG0002438	2	0	2
OG0002439	1	1	2
OG0002440	1	1	2
OG0002441	2	0	2
OG0002442	2	0	2
OG0002443	2	0	2
OG0002444	1	1	2
OG0002445	1	1	2
OG0002446	2	0	2
OG0002447	1	1	2
OG0002448	2	0	2
OG0002449	1	1	2
OG0002450	1	1	2
OG0002451	1	1	2
OG0002452	2	0	2
OG0002453	1	1	2
OG0002454	1	1	2
OG0002455	1	1	2
OG0002456	1	1	2
OG0002457	2	0	2
OG0002458	2	0	2
OG0002459	1	1	2
OG0002460	1	1	2
OG0002461	2	0	2
OG0002462	1	1	2
OG0002463	1	1	2
OG0002464	2	0	2
OG0002465	1	1	2
OG0002466	1	1	2
OG0002467	1	1	2
OG0002468	1	1	2
OG0002469	1	1	2
OG0002470	1	1	2
OG0002471	2	0	2
OG0002472	1	1	2
OG0002473	2	0	2
OG0002474	1	1	2
OG0002475	2	0	2
OG0002476	1	1	2
OG0002477	2	0	2
OG0002478	1	1	2
OG0002479	1	1	2
OG0002480	1	1	2
OG0002481	1	1	2
OG0002482	2	0	2
OG0002483	1	1	2
OG0002484	2	0	2
OG0002485	1	1	2
OG0002486	1	1	2
OG0002487	2	0	2
OG0002488	1	1	2
OG0002489	1	1	2
OG0002490	1	1	2
OG0002491	2	0	2
OG0002492	2	0	2
OG0002493	1	1	2
OG0002494	2	0	2
OG0002495	1	1	2
OG0002496	1	1	2
OG0002497	1	1	2
OG0002498	2	0	2
OG0002499	1	1	2
OG0002500	1	1	2
OG0002501	1	1	2
OG0002502	1	1	2
OG0002503	1	1	2
OG0002504	2	0	2
OG0002505	1	1	2
OG0002506	1	1	2
OG0002507	1	1	2
OG0002508	2	0	2
OG0002509	1	1	2
OG0002510	1	1	2
OG0002511	2	0	2
OG0002512	1	1	2
OG0002513	1	1	2
OG0002514	1	1	2
OG0002515	2	0	2
OG0002516	1	1	2
OG0002517	1	1	2
OG0002518	1	1	2
OG0002519	1	1	2
OG0002520	1	1	2
OG0002521	2	0	2
OG0002522	1	1	2
OG0002523	1	1	2
OG0002524	2	0	2
OG0002525	2	0	2
OG0002526	1	1	2
OG0002527	1	1	2
OG0002528	1	1	2
OG0002529	2	0	2
OG0002530	1	1	2
OG0002531	1	1	2
OG0002532	2	0	2
OG0002533	2	0	2
OG0002534	1	1	2
OG0002535	1	1	2
OG0002536	1	1	2
OG0002537	2	0	2
OG0002538	2	0	2
OG0002539	2	0	2
OG0002540	1	1	2
OG0002541	2	0	2
OG0002542	1	1	2
OG0002543	1	1	2
OG0002544	1	1	2
OG0002545	1	1	2
OG0002546	1	1	2
OG0002547	1	1	2
OG0002548	2	0	2
OG0002549	1	1	2
OG0002550	1	1	2
OG0002551	1	1	2
OG0002552	2	0	2
OG0002553	2	0	2
OG0002554	2	0	2
OG0002555	1	1	2
OG0002556	1	1	2
OG0002557	1	1	2
OG0002558	2	0	2
OG0002559	2	0	2
OG0002560	1	1	2
OG0002561	2	0	2
OG0002562	2	0	2
OG0002563	2	0	2
OG0002564	1	1	2
OG0002565	2	0	2
OG0002566	1	1	2
OG0002567	2	0	2
OG0002568	2	0	2
OG0002569	2	0	2
OG0002570	1	1	2
OG0002571	2	0	2
OG0002572	1	1	2
OG0002573	2	0	2
OG0002574	1	1	2
OG0002575	1	1	2
OG0002576	2	0	2
OG0002577	2	0	2
OG0002578	1	1	2
OG0002579	2	0	2
OG0002580	1	1	2
OG0002581	2	0	2
OG0002582	1	1	2
OG0002583	1	1	2
OG0002584	1	1	2
OG0002585	2	0	2
OG0002586	1	1	2
OG0002587	2	0	2
OG0002588	1	1	2
OG0002589	2	0	2
OG0002590	1	1	2
OG0002591	1	1	2
OG0002592	1	1	2
OG0002593	1	1	2
OG0002594	2	0	2
OG0002595	1	1	2
OG0002596	2	0	2
OG0002597	2	0	2
OG0002598	2	0	2
OG0002599	1	1	2
OG0002600	1	1	2
OG0002601	1	1	2
OG0002602	1	1	2
OG0002603	1	1	2
OG0002604	1	1	2
OG0002605	2	0	2
OG0002606	1	1	2
OG0002607	1	1	2
OG0002608	2	0	2
OG0002609	1	1	2
OG0002610	2	0	2
OG0002611	1	1	2
OG0002612	1	1	2
OG0002613	1	1	2
OG0002614	1	1	2
OG0002615	1	1	2
OG0002616	2	0	2
OG0002617	1	1	2
OG0002618	1	1	2
OG0002619	1	1	2
OG0002620	1	1	2
OG0002621	1	1	2
OG0002622	1	1	2
OG0002623	1	1	2
OG0002624	1	1	2
OG0002625	2	0	2
OG0002626	2	0	2
OG0002627	2	0	2
OG0002628	1	1	2
OG0002629	1	1	2
OG0002630	1	1	2
OG0002631	1	1	2
OG0002632	1	1	2
OG0002633	2	0	2
OG0002634	2	0	2
OG0002635	1	1	2
OG0002636	1	1	2
OG0002637	1	1	2
OG0002638	2	0	2
OG0002639	1	1	2
OG0002640	1	1	2
OG0002641	1	1	2
OG0002642	1	1	2
OG0002643	1	1	2
OG0002644	1	1	2
OG0002645	2	0	2
OG0002646	1	1	2
OG0002647	1	1	2
OG0002648	1	1	2
OG0002649	2	0	2
OG0002650	2	0	2
OG0002651	2	0	2
OG0002652	1	1	2
OG0002653	1	1	2
OG0002654	2	0	2
OG0002655	1	1	2
OG0002656	1	1	2
OG0002657	1	1	2
OG0002658	1	1	2
OG0002659	2	0	2
OG0002660	2	0	2
OG0002661	1	1	2
OG0002662	1	1	2
OG0002663	1	1	2
OG0002664	1	1	2
OG0002665	1	1	2
OG0002666	1	1	2
OG0002667	2	0	2
OG0002668	2	0	2
OG0002669	1	1	2
OG0002670	2	0	2
OG0002671	1	1	2
OG0002672	1	1	2
OG0002673	1	1	2
OG0002674	1	1	2
OG0002675	1	1	2
OG0002676	1	1	2
OG0002677	1	1	2
OG0002678	1	1	2
OG0002679	1	1	2
OG0002680	2	0	2
OG0002681	1	1	2
OG0002682	2	0	2
OG0002683	1	1	2
OG0002684	2	0	2
OG0002685	2	0	2
OG0002686	2	0	2
OG0002687	1	1	2
OG0002688	1	1	2
OG0002689	1	1	2
OG0002690	1	1	2
OG0002691	1	1	2
OG0002692	1	1	2
OG0002693	1	1	2
OG0002694	1	1	2
OG0002695	1	1	2
OG0002696	1	1	2
OG0002697	1	1	2
OG0002698	2	0	2
OG0002699	1	1	2
OG0002700	2	0	2
OG0002701	1	1	2
OG0002702	2	0	2
OG0002703	1	1	2
OG0002704	1	1	2
OG0002705	2	0	2
OG0002706	1	1	2
OG0002707	2	0	2
OG0002708	1	1	2
OG0002709	1	1	2
OG0002710	2	0	2
OG0002711	1	1	2
OG0002712	2	0	2
OG0002713	1	1	2
OG0002714	1	1	2
OG0002715	2	0	2
OG0002716	1	1	2
OG0002717	2	0	2
OG0002718	1	1	2
OG0002719	1	1	2
OG0002720	1	1	2
OG0002721	1	1	2
OG0002722	2	0	2
OG0002723	1	1	2
OG0002724	1	1	2
OG0002725	1	1	2
OG0002726	2	0	2
OG0002727	1	1	2
OG0002728	2	0	2
OG0002729	1	1	2
OG0002730	1	1	2
OG0002731	2	0	2
OG0002732	1	1	2
OG0002733	1	1	2
OG0002734	1	1	2
OG0002735	2	0	2
OG0002736	1	1	2
OG0002737	2	0	2
OG0002738	1	1	2
OG0002739	1	1	2
OG0002740	2	0	2
OG0002741	1	1	2
OG0002742	2	0	2
OG0002743	1	1	2
OG0002744	1	1	2
OG0002745	1	1	2
OG0002746	1	1	2
OG0002747	1	1	2
OG0002748	1	1	2
OG0002749	1	1	2
OG0002750	1	1	2
OG0002751	2	0	2
OG0002752	1	1	2
OG0002753	1	1	2
OG0002754	1	1	2
OG0002755	1	1	2
OG0002756	1	1	2
OG0002757	1	1	2
OG0002758	1	1	2
OG0002759	1	1	2
OG0002760	1	1	2
OG0002761	2	0	2
OG0002762	1	1	2
OG0002763	1	1	2
OG0002764	1	1	2
OG0002765	2	0	2
OG0002766	2	0	2
OG0002767	2	0	2
OG0002768	1	1	2
OG0002769	1	1	2
OG0002770	1	1	2
OG0002771	2	0	2
OG0002772	2	0	2
OG0002773	1	1	2
OG0002774	1	1	2
OG0002775	1	1	2
OG0002776	2	0	2
OG0002777	1	1	2
OG0002778	1	1	2
OG0002779	1	1	2
OG0002780	2	0	2
OG0002781	1	1	2
OG0002782	1	1	2
OG0002783	1	1	2
OG0002784	1	1	2
OG0002785	1	1	2
OG0002786	2	0	2
OG0002787	1	1	2
OG0002788	1	1	2
OG0002789	2	0	2
OG0002790	2	0	2
OG0002791	1	1	2
OG0002792	1	1	2
OG0002793	1	1	2
OG0002794	1	1	2
OG0002795	1	1	2
OG0002796	1	1	2
OG0002797	1	1	2
OG0002798	2	0	2
OG0002799	1	1	2
OG0002800	1	1	2
OG0002801	2	0	2
OG0002802	1	1	2
OG0002803	2	0	2
OG0002804	1	1	2
OG0002805	2	0	2
OG0002806	2	0	2
OG0002807	1	1	2
OG0002808	1	1	2
OG0002809	2	0	2
OG0002810	1	1	2
OG0002811	2	0	2
OG0002812	1	1	2
OG0002813	1	1	2
OG0002814	1	1	2
OG0002815	1	1	2
OG0002816	2	0	2
OG0002817	1	1	2
OG0002818	1	1	2
OG0002819	2	0	2
OG0002820	1	1	2
OG0002821	1	1	2
OG0002822	2	0	2
OG0002823	1	1	2
OG0002824	2	0	2
OG0002825	1	1	2
OG0002826	1	1	2
OG0002827	2	0	2
OG0002828	1	1	2
OG0002829	2	0	2
OG0002830	1	1	2
OG0002831	1	1	2
OG0002832	2	0	2
OG0002833	1	1	2
OG0002834	1	1	2
OG0002835	1	1	2
OG0002836	1	1	2
OG0002837	2	0	2
OG0002838	2	0	2
OG0002839	1	1	2
OG0002840	1	1	2
OG0002841	1	1	2
OG0002842	1	1	2
OG0002843	1	1	2
OG0002844	1	1	2
OG0002845	1	1	2
OG0002846	2	0	2
OG0002847	2	0	2
OG0002848	2	0	2
OG0002849	1	1	2
OG0002850	1	1	2
OG0002851	1	1	2
OG0002852	1	1	2
OG0002853	1	1	2
OG0002854	1	1	2
OG0002855	2	0	2
OG0002856	1	1	2
OG0002857	1	1	2
OG0002858	1	1	2
OG0002859	1	1	2
OG0002860	1	1	2
OG0002861	1	1	2
OG0002862	1	1	2
OG0002863	1	1	2
OG0002864	1	1	2
OG0002865	1	1	2
OG0002866	2	0	2
OG0002867	1	1	2
OG0002868	1	1	2
OG0002869	2	0	2
OG0002870	1	1	2
OG0002871	1	1	2
OG0002872	1	1	2
OG0002873	1	1	2
OG0002874	2	0	2
OG0002875	1	1	2
OG0002876	1	1	2
OG0002877	1	1	2
OG0002878	1	1	2
OG0002879	1	1	2
OG0002880	1	1	2
OG0002881	2	0	2
OG0002882	2	0	2
OG0002883	1	1	2
OG0002884	1	1	2
OG0002885	1	1	2
OG0002886	2	0	2
OG0002887	1	1	2
OG0002888	1	1	2
OG0002889	1	1	2
OG0002890	2	0	2
OG0002891	1	1	2
OG0002892	2	0	2
OG0002893	1	1	2
OG0002894	2	0	2
OG0002895	2	0	2
OG0002896	1	1	2
OG0002897	1	1	2
OG0002898	1	1	2
OG0002899	1	1	2
OG0002900	2	0	2
OG0002901	1	1	2
OG0002902	1	1	2
OG0002903	2	0	2
OG0002904	1	1	2
OG0002905	2	0	2
OG0002906	2	0	2
OG0002907	2	0	2
OG0002908	2	0	2
OG0002909	1	1	2
OG0002910	2	0	2
OG0002911	2	0	2
OG0002912	1	1	2
OG0002913	1	1	2
OG0002914	1	1	2
OG0002915	1	1	2
OG0002916	1	1	2
OG0002917	2	0	2
OG0002918	1	1	2
OG0002919	1	1	2
OG0002920	1	1	2
OG0002921	2	0	2
OG0002922	1	1	2
OG0002923	2	0	2
OG0002924	1	1	2
OG0002925	1	1	2
OG0002926	1	1	2
OG0002927	1	1	2
OG0002928	1	1	2
OG0002929	2	0	2
OG0002930	1	1	2
OG0002931	2	0	2
OG0002932	1	1	2
OG0002933	1	1	2
OG0002934	1	1	2
OG0002935	1	1	2
OG0002936	1	1	2
OG0002937	1	1	2
OG0002938	1	1	2
OG0002939	1	1	2
OG0002940	2	0	2
OG0002941	1	1	2
OG0002942	1	1	2
OG0002943	1	1	2
OG0002944	1	1	2
OG0002945	1	1	2
OG0002946	1	1	2
OG0002947	2	0	2
OG0002948	1	1	2
OG0002949	1	1	2
OG0002950	1	1	2
OG0002951	1	1	2
OG0002952	1	1	2
OG0002953	1	1	2
OG0002954	1	1	2
OG0002955	1	1	2
OG0002956	1	1	2
OG0002957	2	0	2
OG0002958	1	1	2
OG0002959	1	1	2
OG0002960	1	1	2
OG0002961	1	1	2
OG0002962	1	1	2
OG0002963	1	1	2
OG0002964	1	1	2
OG0002965	1	1	2
OG0002966	2	0	2
OG0002967	2	0	2
OG0002968	1	1	2
OG0002969	1	1	2
OG0002970	1	1	2
OG0002971	2	0	2
OG0002972	1	1	2
OG0002973	1	1	2
OG0002974	1	1	2
OG0002975	1	1	2
OG0002976	1	1	2
OG0002977	1	1	2
OG0002978	2	0	2
OG0002979	2	0	2
OG0002980	2	0	2
OG0002981	1	1	2
OG0002982	2	0	2
OG0002983	1	1	2
OG0002984	2	0	2
OG0002985	1	1	2
OG0002986	2	0	2
OG0002987	2	0	2
OG0002988	1	1	2
OG0002989	1	1	2
OG0002990	1	1	2
OG0002991	1	1	2
OG0002992	1	1	2
OG0002993	2	0	2
OG0002994	2	0	2
OG0002995	2	0	2
OG0002996	1	1	2
OG0002997	1	1	2
OG0002998	1	1	2
OG0002999	1	1	2
OG0003000	1	1	2
OG0003001	2	0	2
OG0003002	1	1	2
OG0003003	2	0	2
OG0003004	2	0	2
OG0003005	2	0	2
OG0003006	1	1	2
OG0003007	1	1	2
OG0003008	2	0	2
OG0003009	1	1	2
OG0003010	1	1	2
OG0003011	2	0	2
OG0003012	1	1	2
OG0003013	2	0	2
OG0003014	2	0	2
OG0003015	1	1	2
OG0003016	2	0	2
OG0003017	1	1	2
OG0003018	1	1	2
OG0003019	1	1	2
OG0003020	1	1	2
OG0003021	1	1	2
OG0003022	1	1	2
OG0003023	1	1	2
OG0003024	1	1	2
OG0003025	1	1	2
OG0003026	1	1	2
OG0003027	2	0	2
OG0003028	2	0	2
OG0003029	1	1	2
OG0003030	1	1	2
OG0003031	1	1	2
OG0003032	2	0	2
OG0003033	1	1	2
OG0003034	1	1	2
OG0003035	1	1	2
OG0003036	2	0	2
OG0003037	1	1	2
OG0003038	2	0	2
OG0003039	1	1	2
OG0003040	1	1	2
OG0003041	1	1	2
OG0003042	1	1	2
OG0003043	1	1	2
OG0003044	2	0	2
OG0003045	1	1	2
OG0003046	1	1	2
OG0003047	1	1	2
OG0003048	1	1	2
OG0003049	1	1	2
OG0003050	1	1	2
OG0003051	1	1	2
OG0003052	1	1	2
OG0003053	2	0	2
OG0003054	1	1	2
OG0003055	1	1	2
OG0003056	1	1	2
OG0003057	1	1	2
OG0003058	1	1	2
OG0003059	1	1	2
OG0003060	1	1	2
OG0003061	2	0	2
OG0003062	1	1	2
OG0003063	1	1	2
OG0003064	2	0	2
OG0003065	2	0	2
OG0003066	2	0	2
OG0003067	2	0	2
OG0003068	1	1	2
OG0003069	2	0	2
OG0003070	1	1	2
OG0003071	2	0	2
OG0003072	2	0	2
OG0003073	1	1	2
OG0003074	1	1	2
OG0003075	1	1	2
OG0003076	1	1	2
OG0003077	1	1	2
OG0003078	1	1	2
OG0003079	1	1	2
OG0003080	1	1	2
OG0003081	1	1	2
OG0003082	1	1	2
OG0003083	1	1	2
OG0003084	1	1	2
OG0003085	1	1	2
OG0003086	1	1	2
OG0003087	1	1	2
OG0003088	1	1	2
OG0003089	1	1	2
OG0003090	1	1	2
OG0003091	1	1	2
OG0003092	1	1	2
OG0003093	1	1	2
OG0003094	2	0	2
OG0003095	1	1	2
OG0003096	1	1	2
OG0003097	1	1	2
OG0003098	1	1	2
OG0003099	2	0	2
OG0003100	1	1	2
OG0003101	2	0	2
OG0003102	1	1	2
OG0003103	1	1	2
OG0003104	2	0	2
OG0003105	1	1	2
OG0003106	1	1	2
OG0003107	1	1	2
OG0003108	1	1	2
OG0003109	2	0	2
OG0003110	1	1	2
OG0003111	1	1	2
OG0003112	1	1	2
OG0003113	1	1	2
OG0003114	2	0	2
OG0003115	1	1	2
OG0003116	1	1	2
OG0003117	2	0	2
OG0003118	1	1	2
OG0003119	2	0	2
OG0003120	1	1	2
OG0003121	2	0	2
OG0003122	2	0	2
OG0003123	1	1	2
OG0003124	1	1	2
OG0003125	1	1	2
OG0003126	1	1	2
OG0003127	1	1	2
OG0003128	1	1	2
OG0003129	1	1	2
OG0003130	1	1	2
OG0003131	1	1	2
OG0003132	1	1	2
OG0003133	1	1	2
OG0003134	1	1	2
OG0003135	1	1	2
OG0003136	2	0	2
OG0003137	1	1	2
OG0003138	1	1	2
OG0003139	2	0	2
OG0003140	1	1	2
OG0003141	2	0	2
OG0003142	1	1	2
OG0003143	1	1	2
OG0003144	1	1	2
OG0003145	1	1	2
OG0003146	1	1	2
OG0003147	1	1	2
OG0003148	1	1	2
OG0003149	2	0	2
OG0003150	1	1	2
OG0003151	1	1	2
OG0003152	1	1	2
OG0003153	1	1	2
OG0003154	1	1	2
OG0003155	1	1	2
OG0003156	1	1	2
OG0003157	1	1	2
OG0003158	1	1	2
OG0003159	2	0	2
OG0003160	1	1	2
OG0003161	1	1	2
OG0003162	1	1	2
OG0003163	1	1	2
OG0003164	1	1	2
OG0003165	1	1	2
OG0003166	1	1	2
OG0003167	1	1	2
OG0003168	1	1	2
OG0003169	2	0	2
OG0003170	1	1	2
OG0003171	1	1	2
OG0003172	1	1	2
OG0003173	1	1	2
OG0003174	1	1	2
OG0003175	1	1	2
OG0003176	1	1	2
OG0003177	1	1	2
OG0003178	1	1	2
OG0003179	1	1	2
OG0003180	1	1	2
OG0003181	1	1	2
OG0003182	1	1	2
OG0003183	1	1	2
OG0003184	2	0	2
OG0003185	2	0	2
OG0003186	1	1	2
OG0003187	2	0	2
OG0003188	2	0	2
OG0003189	1	1	2
OG0003190	1	1	2
OG0003191	2	0	2
OG0003192	1	1	2
OG0003193	1	1	2
OG0003194	1	1	2
OG0003195	1	1	2
OG0003196	2	0	2
OG0003197	1	1	2
OG0003198	1	1	2
OG0003199	1	1	2
OG0003200	1	1	2
OG0003201	1	1	2
OG0003202	1	1	2
OG0003203	2	0	2
OG0003204	2	0	2
OG0003205	2	0	2
OG0003206	1	1	2
OG0003207	1	1	2
OG0003208	1	1	2
OG0003209	2	0	2
OG0003210	2	0	2
OG0003211	1	1	2
OG0003212	1	1	2
OG0003213	1	1	2
OG0003214	1	1	2
OG0003215	1	1	2
OG0003216	1	1	2
OG0003217	1	1	2
OG0003218	1	1	2
OG0003219	2	0	2
OG0003220	1	1	2
OG0003221	1	1	2
OG0003222	1	1	2
OG0003223	1	1	2
OG0003224	1	1	2
OG0003225	1	1	2
OG0003226	1	1	2
OG0003227	2	0	2
OG0003228	1	1	2
OG0003229	1	1	2
OG0003230	1	1	2
OG0003231	2	0	2
OG0003232	1	1	2
OG0003233	1	1	2
OG0003234	1	1	2
OG0003235	1	1	2
OG0003236	2	0	2
OG0003237	1	1	2
OG0003238	1	1	2
OG0003239	2	0	2
OG0003240	1	1	2
OG0003241	1	1	2
OG0003242	1	1	2
OG0003243	1	1	2
OG0003244	1	1	2
OG0003245	1	1	2
OG0003246	2	0	2
OG0003247	1	1	2
OG0003248	1	1	2
OG0003249	1	1	2
OG0003250	1	1	2
OG0003251	1	1	2
OG0003252	1	1	2
OG0003253	1	1	2
OG0003254	2	0	2
OG0003255	1	1	2
OG0003256	1	1	2
OG0003257	1	1	2
OG0003258	1	1	2
OG0003259	1	1	2
OG0003260	1	1	2
OG0003261	1	1	2
OG0003262	1	1	2
OG0003263	1	1	2
OG0003264	1	1	2
OG0003265	1	1	2
OG0003266	2	0	2
OG0003267	2	0	2
OG0003268	2	0	2
OG0003269	2	0	2
OG0003270	1	1	2
OG0003271	2	0	2
OG0003272	1	1	2
OG0003273	1	1	2
OG0003274	1	1	2
OG0003275	1	1	2
OG0003276	2	0	2
OG0003277	1	1	2
OG0003278	1	1	2
OG0003279	1	1	2
OG0003280	1	1	2
OG0003281	1	1	2
OG0003282	1	1	2
OG0003283	1	1	2
OG0003284	1	1	2
OG0003285	1	1	2
OG0003286	1	1	2
OG0003287	2	0	2
OG0003288	1	1	2
OG0003289	1	1	2
OG0003290	1	1	2
OG0003291	1	1	2
OG0003292	1	1	2
OG0003293	1	1	2
OG0003294	1	1	2
OG0003295	2	0	2
OG0003296	1	1	2
OG0003297	1	1	2
OG0003298	1	1	2
OG0003299	1	1	2
OG0003300	1	1	2
OG0003301	1	1	2
OG0003302	1	1	2
OG0003303	1	1	2
OG0003304	1	1	2
OG0003305	1	1	2
OG0003306	1	1	2
OG0003307	1	1	2
OG0003308	1	1	2
OG0003309	1	1	2
OG0003310	1	1	2
OG0003311	1	1	2
OG0003312	1	1	2
OG0003313	1	1	2
OG0003314	2	0	2
OG0003315	2	0	2
OG0003316	1	1	2
OG0003317	1	1	2
OG0003318	1	1	2
OG0003319	2	0	2
OG0003320	1	1	2
OG0003321	1	1	2
OG0003322	1	1	2
OG0003323	1	1	2
OG0003324	1	1	2
OG0003325	2	0	2
OG0003326	1	1	2
OG0003327	1	1	2
OG0003328	1	1	2
OG0003329	1	1	2
OG0003330	1	1	2
OG0003331	2	0	2
OG0003332	2	0	2
OG0003333	1	1	2
OG0003334	2	0	2
OG0003335	1	1	2
OG0003336	1	1	2
OG0003337	1	1	2
OG0003338	1	1	2
OG0003339	1	1	2
OG0003340	1	1	2
OG0003341	1	1	2
OG0003342	1	1	2
OG0003343	1	1	2
OG0003344	1	1	2
OG0003345	1	1	2
OG0003346	1	1	2
OG0003347	1	1	2
OG0003348	1	1	2
OG0003349	1	1	2
OG0003350	1	1	2
OG0003351	1	1	2
OG0003352	1	1	2
OG0003353	1	1	2
OG0003354	2	0	2
OG0003355	1	1	2
OG0003356	1	1	2
OG0003357	1	1	2
OG0003358	1	1	2
OG0003359	1	1	2
OG0003360	1	1	2
OG0003361	1	1	2
OG0003362	1	1	2
OG0003363	1	1	2
OG0003364	1	1	2
OG0003365	1	1	2
OG0003366	1	1	2
OG0003367	1	1	2
OG0003368	1	1	2
OG0003369	2	0	2
OG0003370	1	1	2
OG0003371	1	1	2
OG0003372	1	1	2
OG0003373	1	1	2
OG0003374	1	1	2
OG0003375	1	1	2
OG0003376	1	1	2
OG0003377	1	1	2
OG0003378	1	1	2
OG0003379	1	1	2
OG0003380	1	1	2
OG0003381	1	1	2
OG0003382	1	1	2
OG0003383	1	1	2
OG0003384	1	1	2
OG0003385	1	1	2
OG0003386	1	1	2
OG0003387	1	1	2
OG0003388	2	0	2
OG0003389	1	1	2
OG0003390	1	1	2
OG0003391	1	1	2
OG0003392	1	1	2
OG0003393	1	1	2
OG0003394	1	1	2
OG0003395	1	1	2
OG0003396	1	1	2
OG0003397	1	1	2
OG0003398	1	1	2
OG0003399	1	1	2
OG0003400	1	1	2
OG0003401	1	1	2
OG0003402	1	1	2
OG0003403	1	1	2
OG0003404	1	1	2
OG0003405	2	0	2
OG0003406	1	1	2
OG0003407	1	1	2
OG0003408	1	1	2
OG0003409	1	1	2
OG0003410	1	1	2
OG0003411	1	1	2
OG0003412	1	1	2
OG0003413	1	1	2
OG0003414	1	1	2
OG0003415	1	1	2
OG0003416	1	1	2
OG0003417	1	1	2
OG0003418	1	1	2
OG0003419	1	1	2
OG0003420	1	1	2
OG0003421	1	1	2
OG0003422	1	1	2
OG0003423	1	1	2
OG0003424	2	0	2
OG0003425	1	1	2
OG0003426	2	0	2
OG0003427	2	0	2
OG0003428	1	1	2
OG0003429	1	1	2
OG0003430	1	1	2
OG0003431	1	1	2
OG0003432	1	1	2
OG0003433	1	1	2
OG0003434	1	1	2
OG0003435	1	1	2
OG0003436	1	1	2
OG0003437	1	1	2
OG0003438	1	1	2
OG0003439	1	1	2
OG0003440	2	0	2
OG0003441	1	1	2
OG0003442	1	1	2
OG0003443	1	1	2
OG0003444	1	1	2
OG0003445	1	1	2
OG0003446	1	1	2
OG0003447	1	1	2
OG0003448	1	1	2
OG0003449	1	1	2
OG0003450	1	1	2
OG0003451	1	1	2
OG0003452	1	1	2
OG0003453	2	0	2
OG0003454	1	1	2
OG0003455	1	1	2
OG0003456	1	1	2
OG0003457	1	1	2
OG0003458	1	1	2
OG0003459	1	1	2
OG0003460	1	1	2
OG0003461	1	1	2
OG0003462	1	1	2
OG0003463	1	1	2
OG0003464	1	1	2
OG0003465	1	1	2
OG0003466	1	1	2
OG0003467	1	1	2
OG0003468	1	1	2
OG0003469	1	1	2
OG0003470	1	1	2
OG0003471	1	1	2
OG0003472	1	1	2
OG0003473	1	1	2
OG0003474	1	1	2
OG0003475	1	1	2
OG0003476	1	1	2
OG0003477	1	1	2
OG0003478	1	1	2
OG0003479	1	1	2
OG0003480	1	1	2
OG0003481	1	1	2
OG0003482	1	1	2
OG0003483	1	1	2
OG0003484	1	1	2
OG0003485	1	1	2
OG0003486	1	1	2
OG0003487	1	1	2
OG0003488	1	1	2
OG0003489	1	1	2
OG0003490	1	1	2
OG0003491	1	1	2
OG0003492	1	1	2
OG0003493	1	1	2
OG0003494	1	1	2
OG0003495	1	1	2
OG0003496	1	1	2
OG0003497	1	1	2
OG0003498	2	0	2
OG0003499	1	1	2
OG0003500	1	1	2
OG0003501	1	1	2
OG0003502	1	1	2
OG0003503	1	1	2
OG0003504	1	1	2
OG0003505	1	1	2
OG0003506	1	1	2
OG0003507	1	1	2
OG0003508	1	1	2
OG0003509	1	1	2
OG0003510	1	1	2
OG0003511	1	1	2
OG0003512	1	1	2
OG0003513	1	1	2
OG0003514	1	1	2
OG0003515	1	1	2
OG0003516	1	1	2
OG0003517	0	2	2
OG0003518	0	2	2
OG0003519	0	2	2
OG0003520	0	2	2
OG0003521	0	2	2
OG0003522	0	2	2
OG0003523	0	2	2
OG0003524	0	2	2
OG0003525	0	2	2
OG0003526	0	2	2
OG0003527	0	2	2
OG0003528	0	2	2
OG0003529	0	2	2
OG0003530	0	2	2
OG0003531	0	2	2
OG0003532	0	2	2
OG0003533	0	2	2
OG0003534	0	2	2
OG0003535	0	2	2
OG0003536	0	2	2
OG0003537	0	2	2
OG0003538	0	2	2
OG0003539	0	2	2
OG0003540	0	2	2
OG0003541	0	2	2
OG0003542	0	2	2
OG0003543	0	2	2
OG0003544	0	2	2
OG0003545	0	2	2
OG0003546	0	2	2
OG0003547	0	2	2
OG0003548	0	2	2
OG0003549	0	2	2
OG0003550	0	2	2
OG0003551	0	2	2
OG0003552	0	2	2
OG0003553	0	2	2
OG0003554	0	2	2
OG0003555	0	2	2
OG0003556	0	2	2
OG0003557	0	2	2
OG0003558	0	2	2
OG0003559	0	2	2
OG0003560	0	2	2
OG0003561	0	2	2
OG0003562	0	2	2
OG0003563	0	2	2
OG0003564	0	2	2
OG0003565	0	2	2
OG0003566	0	2	2
OG0003567	0	2	2
OG0003568	0	2	2
OG0003569	0	2	2
OG0003570	0	2	2
OG0003571	0	2	2
OG0003572	0	2	2
OG0003573	0	2	2
OG0003574	0	2	2
OG0003575	0	2	2
OG0003576	0	2	2
OG0003577	0	2	2
OG0003578	0	2	2
OG0003579	0	2	2
OG0003580	0	2	2
OG0003581	0	2	2
OG0003582	0	2	2
OG0003583	0	2	2
OG0003584	0	2	2
OG0003585	0	2	2
OG0003586	0	2	2
OG0003587	0	2	2
OG0003588	0	2	2
OG0003589	0	2	2
OG0003590	0	2	2
OG0003591	0	2	2
OG0003592	0	2	2
OG0003593	0	2	2
OG0003594	0	2	2
OG0003595	0	2	2
OG0003596	0	2	2
OG0003597	0	2	2
OG0003598	0	2	2
OG0003599	0	2	2
OG0003600	0	2	2
OG0003601	0	2	2
OG0003602	0	2	2
OG0003603	0	2	2
OG0003604	0	2	2
OG0003605	0	2	2
OG0003606	0	2	2
OG0003607	0	2	2
OG0003608	0	2	2
OG0003609	0	2	2
OG0003610	0	2	2
OG0003611	0	2	2
OG0003612	0	2	2
OG0003613	0	2	2
OG0003614	0	2	2
OG0003615	0	2	2
OG0003616	0	2	2
OG0003617	0	2	2
OG0003618	0	2	2
OG0003619	0	2	2
OG0003620	0	2	2
OG0003621	0	2	2
OG0003622	0	2	2
OG0003623	0	2	2
OG0003624	0	2	2
OG0003625	0	2	2
OG0003626	0	2	2
OG0003627	0	2	2
OG0003628	0	2	2
OG0003629	0	2	2
OG0003630	0	2	2
OG0003631	0	2	2
OG0003632	0	2	2
OG0003633	0	2	2
OG0003634	0	2	2
OG0003635	0	2	2
OG0003636	0	2	2
OG0003637	0	2	2
OG0003638	0	2	2
OG0003639	0	2	2
OG0003640	0	2	2
OG0003641	0	2	2
OG0003642	0	2	2
OG0003643	0	2	2
OG0003644	0	2	2
OG0003645	0	2	2
OG0003646	0	2	2
OG0003647	0	2	2
OG0003648	0	2	2
OG0003649	0	2	2
OG0003650	0	2	2
OG0003651	0	2	2
OG0003652	0	2	2
OG0003653	0	2	2
OG0003654	0	2	2
OG0003655	0	2	2
OG0003656	0	2	2
OG0003657	0	2	2
OG0003658	0	2	2
OG0003659	0	2	2
OG0003660	0	2	2
OG0003661	0	2	2
OG0003662	0	2	2
OG0003663	0	2	2
OG0003664	0	2	2
OG0003665	0	2	2
OG0003666	0	2	2
OG0003667	0	2	2
OG0003668	0	2	2
OG0003669	0	2	2
OG0003670	0	2	2
OG0003671	0	2	2
OG0003672	0	2	2
OG0003673	0	2	2
OG0003674	0	2	2
OG0003675	0	2	2
OG0003676	0	2	2
OG0003677	0	2	2
OG0003678	0	2	2
OG0003679	0	2	2
OG0003680	0	2	2
OG0003681	0	2	2
OG0003682	0	2	2
OG0003683	0	2	2
OG0003684	0	2	2
OG0003685	0	2	2
OG0003686	0	2	2
OG0003687	0	2	2
OG0003688	0	2	2
OG0003689	0	2	2
OG0003690	0	2	2
OG0003691	0	2	2
OG0003692	0	2	2
OG0003693	0	2	2
OG0003694	0	2	2
OG0003695	0	2	2
OG0003696	0	2	2
OG0003697	0	2	2
OG0003698	0	2	2
OG0003699	0	2	2
OG0003700	0	2	2
OG0003701	0	2	2
OG0003702	0	2	2
OG0003703	0	2	2
OG0003704	0	2	2
OG0003705	0	2	2
OG0003706	0	2	2
OG0003707	0	2	2
OG0003708	0	2	2
OG0003709	0	2	2
OG0003710	0	2	2
OG0003711	0	2	2
OG0003712	0	2	2
OG0003713	0	2	2
OG0003714	0	2	2
OG0003715	0	2	2
OG0003716	0	2	2
OG0003717	0	2	2
OG0003718	0	2	2
OG0003719	0	2	2
OG0003720	0	2	2
OG0003721	0	2	2
OG0003722	0	2	2
OG0003723	0	2	2
OG0003724	0	2	2
OG0003725	0	2	2
OG0003726	0	2	2
OG0003727	0	2	2
OG0003728	0	2	2
OG0003729	0	2	2
OG0003730	0	2	2
OG0003731	0	2	2
OG0003732	0	2	2
OG0003733	0	2	2
OG0003734	0	2	2
OG0003735	0	2	2
OG0003736	0	2	2
OG0003737	0	2	2
OG0003738	0	2	2
OG0003739	0	2	2
OG0003740	0	2	2
OG0003741	0	2	2
OG0003742	0	2	2
OG0003743	0	2	2
OG0003744	0	2	2
OG0003745	0	2	2
OG0003746	0	2	2
OG0003747	0	2	2
OG0003748	0	2	2
OG0003749	0	2	2
OG0003750	0	2	2
OG0003751	0	2	2
OG0003752	0	2	2
OG0003753	0	2	2
OG0003754	0	2	2
OG0003755	0	2	2
OG0003756	0	2	2
OG0003757	0	2	2
OG0003758	0	2	2
OG0003759	0	2	2
OG0003760	0	2	2
OG0003761	0	2	2
OG0003762	0	2	2
OG0003763	0	2	2
OG0003764	0	2	2
OG0003765	0	2	2
OG0003766	0	2	2
OG0003767	0	2	2
OG0003768	0	2	2
OG0003769	0	2	2
OG0003770	0	2	2
OG0003771	0	2	2
OG0003772	0	2	2
OG0003773	0	2	2
OG0003774	0	2	2
OG0003775	0	2	2
OG0003776	0	2	2
OG0003777	0	2	2
OG0003778	0	2	2
OG0003779	0	2	2
OG0003780	0	2	2
OG0003781	0	2	2
OG0003782	0	2	2
OG0003783	0	2	2
OG0003784	0	2	2
OG0003785	0	2	2
OG0003786	0	2	2
OG0003787	0	2	2
OG0003788	0	2	2
OG0003789	0	2	2
OG0003790	0	2	2
OG0003791	0	2	2
OG0003792	0	2	2
OG0003793	0	2	2
OG0003794	0	2	2
OG0003795	0	2	2
OG0003796	0	2	2
OG0003797	0	2	2
OG0003798	0	2	2
OG0003799	0	2	2
OG0003800	0	2	2
OG0003801	0	2	2
OG0003802	0	2	2
OG0003803	0	2	2
OG0003804	0	2	2
OG0003805	0	2	2
OG0003806	0	2	2
OG0003807	0	2	2
OG0003808	0	2	2
OG0003809	0	2	2
OG0003810	0	2	2
OG0003811	0	2	2
OG0003812	0	2	2
OG0003813	0	2	2
OG0003814	0	2	2
OG0003815	0	2	2
OG0003816	0	2	2
OG0003817	0	2	2
OG0003818	0	2	2
OG0003819	0	2	2
OG0003820	0	2	2
OG0003821	0	2	2
OG0003822	0	2	2
OG0003823	0	2	2
OG0003824	0	2	2
OG0003825	0	2	2
OG0003826	0	2	2
OG0003827	0	2	2
OG0003828	0	2	2
OG0003829	0	2	2
OG0003830	0	2	2
OG0003831	0	2	2
OG0003832	0	2	2
OG0003833	0	2	2
OG0003834	0	2	2
OG0003835	0	2	2
OG0003836	0	2	2
OG0003837	0	2	2
OG0003838	0	2	2
OG0003839	0	2	2
OG0003840	0	2	2
OG0003841	0	2	2
OG0003842	0	2	2
OG0003843	0	2	2
OG0003844	0	2	2
OG0003845	0	2	2
OG0003846	0	2	2
OG0003847	0	2	2
OG0003848	0	2	2
OG0003849	0	2	2
OG0003850	0	2	2
OG0003851	0	2	2
OG0003852	0	2	2
OG0003853	0	2	2
OG0003854	0	2	2
OG0003855	0	2	2
OG0003856	0	2	2
OG0003857	0	2	2
OG0003858	0	2	2
OG0003859	0	2	2
OG0003860	0	2	2
OG0003861	0	2	2
OG0003862	0	2	2
OG0003863	0	2	2
OG0003864	0	2	2
OG0003865	0	2	2
OG0003866	0	2	2
OG0003867	0	2	2
OG0003868	0	2	2
OG0003869	0	2	2
OG0003870	0	2	2
OG0003871	0	2	2
OG0003872	0	2	2
OG0003873	0	2	2
OG0003874	0	2	2
OG0003875	0	2	2
OG0003876	0	2	2
OG0003877	0	2	2
OG0003878	0	2	2
OG0003879	0	2	2
OG0003880	0	2	2
OG0003881	0	2	2
OG0003882	0	2	2
OG0003883	0	2	2
OG0003884	0	2	2
OG0003885	0	2	2
OG0003886	0	2	2
OG0003887	0	2	2
OG0003888	0	2	2
OG0003889	0	2	2
OG0003890	0	2	2
OG0003891	0	2	2
OG0003892	0	2	2
OG0003893	0	2	2
OG0003894	0	2	2
OG0003895	0	2	2
OG0003896	0	2	2
OG0003897	0	2	2
OG0003898	0	2	2
OG0003899	0	2	2
OG0003900	0	2	2
OG0003901	0	2	2
OG0003902	0	2	2
OG0003903	0	2	2
OG0003904	0	2	2
OG0003905	0	2	2
OG0003906	0	2	2
OG0003907	0	2	2
OG0003908	0	2	2
OG0003909	0	2	2
OG0003910	0	2	2
OG0003911	0	2	2
OG0003912	0	2	2
OG0003913	0	2	2
OG0003914	0	2	2
OG0003915	0	2	2
OG0003916	0	2	2
OG0003917	0	2	2
OG0003918	0	2	2
OG0003919	0	2	2
OG0003920	0	2	2
OG0003921	0	2	2
OG0003922	0	2	2
OG0003923	0	2	2
OG0003924	0	2	2
OG0003925	0	2	2
OG0003926	0	2	2
OG0003927	0	2	2
OG0003928	0	2	2
OG0003929	0	2	2
OG0003930	0	2	2
OG0003931	0	2	2
OG0003932	0	2	2
OG0003933	0	2	2
OG0003934	0	2	2
OG0003935	0	2	2
OG0003936	0	2	2
OG0003937	0	2	2
OG0003938	0	2	2
OG0003939	0	2	2
OG0003940	0	2	2
OG0003941	0	2	2
OG0003942	0	2	2
OG0003943	0	2	2
OG0003944	0	2	2
OG0003945	0	2	2
OG0003946	0	2	2
OG0003947	0	2	2
OG0003948	0	2	2
OG0003949	0	2	2
OG0003950	0	2	2
OG0003951	0	2	2
OG0003952	0	2	2
OG0003953	0	2	2
OG0003954	0	2	2
OG0003955	0	2	2
OG0003956	0	2	2
OG0003957	0	2	2
OG0003958	0	2	2
OG0003959	0	2	2
OG0003960	0	2	2
OG0003961	0	2	2
OG0003962	0	2	2
OG0003963	0	2	2
OG0003964	0	2	2
OG0003965	0	2	2
OG0003966	0	2	2
OG0003967	0	2	2
OG0003968	0	2	2
OG0003969	0	2	2
OG0003970	0	2	2
OG0003971	0	2	2
OG0003972	0	2	2
OG0003973	0	2	2
OG0003974	0	2	2
OG0003975	0	2	2
OG0003976	0	2	2
OG0003977	0	2	2
OG0003978	0	2	2
OG0003979	0	2	2
OG0003980	0	2	2
OG0003981	0	2	2
OG0003982	0	2	2
OG0003983	0	2	2
OG0003984	0	2	2
OG0003985	0	2	2
OG0003986	0	2	2
OG0003987	0	2	2
OG0003988	0	2	2
OG0003989	0	2	2
OG0003990	0	2	2
OG0003991	0	2	2
OG0003992	0	2	2
OG0003993	0	2	2
OG0003994	0	2	2
OG0003995	0	2	2
OG0003996	0	2	2
OG0003997	0	2	2
OG0003998	0	2	2
OG0003999	0	2	2
OG0004000	0	2	2
OG0004001	0	2	2
OG0004002	0	2	2
OG0004003	0	2	2
OG0004004	0	2	2
OG0004005	0	2	2
OG0004006	0	2	2
OG0004007	0	2	2
OG0004008	0	2	2
OG0004009	0	2	2
OG0004010	0	2	2
OG0004011	0	2	2
OG0004012	0	2	2
OG0004013	0	2	2
OG0004014	0	2	2
OG0004015	0	2	2
OG0004016	0	2	2
OG0004017	0	2	2
OG0004018	0	2	2
OG0004019	0	2	2
OG0004020	0	2	2
OG0004021	0	2	2
OG0004022	0	2	2
OG0004023	0	2	2
OG0004024	0	2	2
OG0004025	0	2	2
OG0004026	0	2	2
OG0004027	0	2	2
OG0004028	0	2	2
OG0004029	0	2	2
OG0004030	0	2	2
OG0004031	0	2	2
OG0004032	0	2	2
OG0004033	0	2	2
OG0004034	0	2	2
OG0004035	0	2	2
OG0004036	0	2	2
OG0004037	0	2	2
OG0004038	0	2	2
OG0004039	0	2	2
OG0004040	0	2	2
OG0004041	0	2	2
OG0004042	0	2	2
OG0004043	0	2	2
OG0004044	0	2	2
OG0004045	0	2	2
OG0004046	0	2	2
OG0004047	0	2	2
OG0004048	0	2	2
OG0004049	0	2	2
OG0004050	0	2	2
OG0004051	0	2	2
OG0004052	0	2	2
OG0004053	0	2	2
OG0004054	0	2	2
OG0004055	0	2	2
OG0004056	0	2	2
OG0004057	0	2	2
OG0004058	0	2	2
OG0004059	0	2	2
OG0004060	0	2	2
OG0004061	0	2	2
OG0004062	0	2	2
OG0004063	0	2	2
OG0004064	0	2	2
OG0004065	0	2	2
OG0004066	0	2	2
OG0004067	0	2	2
OG0004068	0	2	2
OG0004069	0	2	2
OG0004070	0	2	2
OG0004071	0	2	2
OG0004072	0	2	2
OG0004073	0	2	2
OG0004074	0	2	2
OG0004075	0	2	2
OG0004076	0	2	2
OG0004077	0	2	2
OG0004078	0	2	2
OG0004079	0	2	2
OG0004080	0	2	2
OG0004081	0	2	2
OG0004082	0	2	2
OG0004083	0	2	2
OG0004084	0	2	2
OG0004085	0	2	2
OG0004086	0	2	2
OG0004087	0	2	2
OG0004088	0	2	2
OG0004089	0	2	2
OG0004090	0	2	2
OG0004091	0	2	2
OG0004092	0	2	2
OG0004093	0	2	2
OG0004094	0	2	2
OG0004095	0	2	2
OG0004096	0	2	2
OG0004097	0	2	2
OG0004098	0	2	2
OG0004099	0	2	2
OG0004100	0	2	2
OG0004101	0	2	2
OG0004102	0	2	2
OG0004103	0	2	2
OG0004104	0	2	2
OG0004105	0	2	2
OG0004106	0	2	2
OG0004107	0	2	2
OG0004108	0	2	2
OG0004109	0	2	2
OG0004110	0	2	2
OG0004111	0	2	2
OG0004112	0	2	2
OG0004113	0	2	2
OG0004114	0	2	2
OG0004115	0	2	2
OG0004116	0	2	2
OG0004117	0	2	2
OG0004118	0	2	2
OG0004119	0	2	2
OG0004120	0	2	2
OG0004121	0	2	2
OG0004122	0	2	2
OG0004123	0	2	2
OG0004124	0	2	2
OG0004125	0	2	2
OG0004126	0	2	2
OG0004127	0	2	2
OG0004128	0	2	2
OG0004129	0	2	2
OG0004130	0	2	2
OG0004131	0	2	2
OG0004132	0	2	2
OG0004133	0	2	2
OG0004134	0	2	2
OG0004135	0	2	2
OG0004136	0	2	2
OG0004137	0	2	2
OG0004138	0	2	2
OG0004139	0	2	2
OG0004140	0	2	2
OG0004141	0	2	2
OG0004142	0	2	2
OG0004143	0	2	2
OG0004144	0	2	2
OG0004145	0	2	2
OG0004146	0	2	2
OG0004147	0	2	2
OG0004148	0	2	2
OG0004149	0	2	2
OG0004150	0	2	2
OG0004151	0	2	2
OG0004152	0	2	2
OG0004153	0	2	2
OG0004154	0	2	2
OG0004155	0	2	2
OG0004156	0	2	2
OG0004157	0	2	2
OG0004158	0	2	2
OG0004159	0	2	2
OG0004160	0	2	2
OG0004161	0	2	2
OG0004162	0	2	2
OG0004163	0	2	2
OG0004164	0	2	2
OG0004165	0	2	2
OG0004166	0	2	2
OG0004167	0	2	2
OG0004168	0	2	2
OG0004169	0	2	2
OG0004170	0	2	2
OG0004171	0	2	2
OG0004172	0	2	2
OG0004173	0	2	2
OG0004174	0	2	2
OG0004175	0	2	2
OG0004176	0	2	2
OG0004177	0	2	2
OG0004178	0	2	2
OG0004179	0	2	2
OG0004180	0	2	2
OG0004181	0	2	2
OG0004182	0	2	2
OG0004183	0	2	2
OG0004184	0	2	2
OG0004185	0	2	2
OG0004186	0	2	2
OG0004187	0	2	2
OG0004188	0	2	2
OG0004189	0	2	2
OG0004190	0	2	2
OG0004191	0	2	2
OG0004192	0	2	2
OG0004193	0	2	2
OG0004194	0	2	2
OG0004195	0	2	2
OG0004196	0	2	2
OG0004197	0	2	2
OG0004198	0	2	2
OG0004199	0	2	2
OG0004200	0	2	2
OG0004201	0	2	2
OG0004202	0	2	2
OG0004203	0	2	2
OG0004204	0	2	2
OG0004205	0	2	2
OG0004206	0	2	2
OG0004207	0	2	2
OG0004208	0	2	2
OG0004209	0	2	2
OG0004210	0	2	2
OG0004211	0	2	2
OG0004212	0	2	2
OG0004213	0	2	2
OG0004214	0	2	2
OG0004215	0	2	2
OG0004216	0	2	2
OG0004217	0	2	2
OG0004218	0	2	2
OG0004219	0	2	2
OG0004220	0	2	2
OG0004221	0	2	2
OG0004222	0	2	2
OG0004223	0	2	2
OG0004224	0	2	2
OG0004225	0	2	2
OG0004226	0	2	2
OG0004227	0	2	2
OG0004228	0	2	2
OG0004229	0	2	2
OG0004230	0	2	2
OG0004231	0	2	2
OG0004232	0	2	2
OG0004233	0	2	2
OG0004234	0	2	2
OG0004235	0	2	2
OG0004236	0	2	2
OG0004237	0	2	2
OG0004238	0	2	2
OG0004239	0	2	2
OG0004240	0	2	2
OG0004241	0	2	2
OG0004242	0	2	2
OG0004243	0	2	2
OG0004244	0	2	2
OG0004245	0	2	2
OG0004246	0	2	2
OG0004247	0	2	2
OG0004248	0	2	2
OG0004249	0	2	2
OG0004250	0	2	2
OG0004251	0	2	2
OG0004252	0	2	2
OG0004253	0	2	2
OG0004254	0	2	2
OG0004255	0	2	2
OG0004256	0	2	2
OG0004257	0	2	2
OG0004258	0	2	2
OG0004259	0	2	2
OG0004260	0	2	2
OG0004261	0	2	2
OG0004262	0	2	2
OG0004263	0	2	2
OG0004264	0	2	2
OG0004265	0	2	2
OG0004266	0	2	2
OG0004267	0	2	2
OG0004268	0	2	2
OG0004269	0	2	2
OG0004270	0	2	2
OG0004271	0	2	2
OG0004272	0	2	2
OG0004273	0	2	2
OG0004274	0	2	2
OG0004275	0	2	2
OG0004276	0	2	2
OG0004277	0	2	2
OG0004278	0	2	2
OG0004279	0	2	2
OG0004280	0	2	2
OG0004281	0	2	2
OG0004282	0	2	2
OG0004283	0	2	2
OG0004284	0	2	2
OG0004285	0	2	2
OG0004286	0	2	2
OG0004287	0	2	2
OG0004288	0	2	2
OG0004289	0	2	2
OG0004290	0	2	2
OG0004291	0	2	2
OG0004292	0	2	2
OG0004293	0	2	2
OG0004294	0	2	2
OG0004295	0	2	2
OG0004296	0	2	2
OG0004297	0	2	2
OG0004298	0	2	2
OG0004299	0	2	2
OG0004300	0	2	2
OG0004301	0	2	2
OG0004302	0	2	2
OG0004303	0	2	2
OG0004304	0	2	2
OG0004305	0	2	2
OG0004306	0	2	2
OG0004307	0	2	2
OG0004308	0	2	2
OG0004309	0	2	2
OG0004310	0	2	2
OG0004311	0	2	2
OG0004312	0	2	2
OG0004313	0	2	2
OG0004314	0	2	2
OG0004315	0	2	2
OG0004316	0	2	2
OG0004317	0	2	2
OG0004318	0	2	2
